0.png:[[[(536, 390), (601, 401)], (575, 392)], [[(705, 406), (767, 401)], (732, 401)]]
1.png:[[[(491, 384), (552, 393)], (528, 386)], [[(656, 395), (718, 387)], (683, 388)]]
10.png:[[[(358, 388), (411, 395)], (396, 388)], [[(520, 400), (590, 394)], (557, 393)]]
100.png:[[[(818, 408), (886, 452)], (858, 429)], [[(1010, 504), (1069, 526)], (1039, 507)]]
101.png:[[[(725, 364), (794, 403)], (758, 380)], [[(917, 460), (980, 479)], (945, 466)]]
102.png:[[[(653, 334), (716, 369)], (690, 351)], [[(843, 415), (912, 440)], (870, 424)]]
103.png:[[[(541, 299), (608, 319)], (587, 304)], [[(731, 346), (800, 358)], (772, 344)]]
104.png:[[[(479, 299), (545, 315)], (523, 297)], [[(669, 330), (740, 338)], (710, 320)]]
105.png:[[[(451, 311), (521, 330)], (501, 320)], [[(651, 340), (717, 341)], (683, 334)]]
106.png:[[[(399, 333), (474, 348)], (451, 329)], [[(604, 358), (669, 357)], (645, 346)]]
107.png:[[[(355, 311), (432, 327)], (402, 305)], [[(559, 327), (627, 336)], (597, 320)]]
108.png:[[[(265, 319), (336, 330)], (301, 306)], [[(468, 324), (536, 321)], (499, 305)]]
109.png:[[[(272, 349), (357, 367)], (339, 352)], [[(484, 359), (538, 349)], (523, 351)]]
11.png:[[[(361, 388), (421, 397)], (403, 391)], [[(543, 399), (605, 396)], (576, 395)]]
110.png:[[[(278, 389), (360, 400)], (343, 397)], [[(491, 400), (553, 390)], (528, 396)]]
111.png:[[[(263, 432), (353, 437)], (319, 444)], [[(493, 436), (575, 421)], (535, 441)]]
112.png:[[[(281, 421), (368, 427)], (325, 433)], [[(505, 427), (590, 404)], (552, 420)]]
113.png:[[[(353, 368), (444, 383)], (432, 378)], [[(576, 379), (645, 370)], (625, 373)]]
114.png:[[[(391, 381), (481, 391)], (457, 387)], [[(612, 392), (665, 386)], (647, 389)]]
115.png:[[[(222, 365), (298, 383)], (247, 371)], [[(440, 398), (517, 394)], (456, 391)]]
116.png:[[[(196, 373), (255, 389)], (217, 377)], [[(383, 401), (476, 393)], (406, 391)]]
117.png:[[[(200, 397), (282, 412)], (265, 406)], [[(429, 410), (516, 398)], (488, 404)]]
118.png:[[[(296, 434), (387, 444)], (372, 440)], [[(541, 435), (616, 412)], (591, 419)]]
119.png:[[[(456, 439), (547, 440)], (527, 445)], [[(674, 435), (728, 428)], (701, 430)]]
12.png:[[[(381, 379), (461, 396)], (428, 387)], [[(572, 401), (638, 396)], (606, 395)]]
120.png:[[[(560, 415), (641, 426)], (613, 423)], [[(750, 432), (794, 417)], (769, 425)]]
121.png:[[[(650, 387), (718, 410)], (704, 399)], [[(811, 426), (841, 424)], (833, 423)]]
122.png:[[[(578, 332), (649, 359)], (622, 344)], [[(763, 391), (826, 403)], (790, 392)]]
123.png:[[[(452, 300), (505, 309)], (486, 307)], [[(626, 338), (695, 344)], (652, 336)]]
13.png:[[[(408, 378), (479, 397)], (449, 386)], [[(593, 409), (652, 405)], (617, 405)]]
14.png:[[[(412, 379), (477, 397)], (449, 389)], [[(593, 412), (653, 411)], (619, 407)]]
15.png:[[[(400, 377), (466, 397)], (430, 382)], [[(581, 411), (647, 409)], (606, 405)]]
16.png:[[[(377, 383), (446, 401)], (412, 385)], [[(558, 411), (628, 409)], (585, 404)]]
17.png:[[[(377, 383), (441, 399)], (414, 386)], [[(560, 410), (620, 409)], (585, 406)]]
18.png:[[[(380, 382), (439, 397)], (415, 385)], [[(555, 411), (618, 411)], (584, 406)]]
19.png:[[[(381, 377), (436, 396)], (414, 384)], [[(547, 410), (608, 405)], (577, 401)]]
2.png:[[[(481, 387), (539, 392)], (517, 384)], [[(644, 396), (708, 389)], (675, 387)]]
20.png:[[[(372, 363), (421, 371)], (405, 363)], [[(528, 380), (593, 378)], (558, 376)]]
21.png:[[[(425, 337), (487, 347)], (461, 337)], [[(592, 362), (645, 366)], (616, 360)]]
22.png:[[[(494, 310), (554, 323)], (538, 312)], [[(647, 345), (697, 359)], (677, 345)]]
23.png:[[[(491, 293), (551, 309)], (538, 298)], [[(643, 330), (697, 345)], (683, 331)]]
24.png:[[[(477, 328), (532, 336)], (516, 335)], [[(632, 358), (686, 370)], (662, 364)]]
25.png:[[[(460, 352), (514, 363)], (496, 362)], [[(618, 384), (678, 393)], (651, 389)]]
26.png:[[[(422, 362), (473, 371)], (439, 365)], [[(588, 388), (658, 393)], (608, 385)]]
27.png:[[[(365, 376), (421, 388)], (400, 379)], [[(532, 400), (598, 399)], (566, 394)]]
28.png:[[[(353, 398), (410, 409)], (385, 397)], [[(534, 419), (601, 418)], (560, 412)]]
29.png:[[[(376, 413), (442, 433)], (422, 422)], [[(576, 435), (640, 431)], (610, 430)]]
3.png:[[[(492, 379), (549, 391)], (527, 383)], [[(658, 396), (720, 396)], (688, 389)]]
30.png:[[[(424, 431), (501, 452)], (484, 444)], [[(631, 462), (699, 451)], (670, 454)]]
31.png:[[[(461, 387), (538, 406)], (516, 387)], [[(668, 416), (738, 410)], (706, 402)]]
32.png:[[[(376, 401), (436, 420)], (404, 405)], [[(577, 441), (648, 439)], (599, 433)]]
33.png:[[[(320, 383), (380, 392)], (346, 383)], [[(509, 413), (591, 409)], (533, 404)]]
34.png:[[[(256, 370), (319, 376)], (295, 367)], [[(433, 386), (524, 378)], (482, 376)]]
35.png:[[[(239, 380), (315, 393)], (290, 385)], [[(450, 391), (529, 386)], (490, 385)]]
36.png:[[[(320, 407), (408, 420)], (389, 415)], [[(537, 427), (599, 413)], (574, 414)]]
37.png:[[[(459, 414), (535, 435)], (511, 424)], [[(645, 437), (691, 430)], (668, 432)]]
38.png:[[[(530, 419), (602, 439)], (584, 430)], [[(697, 450), (735, 446)], (715, 443)]]
39.png:[[[(604, 421), (677, 443)], (640, 431)], [[(761, 462), (798, 456)], (774, 457)]]
4.png:[[[(507, 372), (574, 394)], (553, 383)], [[(682, 411), (744, 411)], (708, 404)]]
40.png:[[[(661, 404), (733, 433)], (695, 417)], [[(832, 461), (880, 464)], (851, 452)]]
41.png:[[[(659, 396), (728, 425)], (685, 403)], [[(843, 456), (913, 465)], (863, 453)]]
42.png:[[[(684, 368), (751, 396)], (737, 382)], [[(868, 426), (933, 442)], (912, 427)]]
43.png:[[[(739, 369), (803, 400)], (788, 384)], [[(912, 426), (964, 442)], (950, 432)]]
44.png:[[[(714, 376), (775, 391)], (747, 387)], [[(890, 424), (947, 436)], (916, 434)]]
45.png:[[[(559, 373), (625, 387)], (593, 380)], [[(746, 413), (827, 419)], (770, 410)]]
46.png:[[[(503, 364), (565, 384)], (532, 370)], [[(673, 400), (759, 399)], (703, 393)]]
47.png:[[[(481, 372), (541, 383)], (523, 381)], [[(657, 401), (741, 399)], (703, 395)]]
48.png:[[[(453, 383), (523, 392)], (499, 388)], [[(651, 402), (726, 395)], (692, 397)]]
49.png:[[[(420, 404), (499, 414)], (471, 410)], [[(638, 407), (711, 394)], (674, 402)]]
5.png:[[[(519, 384), (583, 401)], (549, 389)], [[(683, 421), (747, 421)], (706, 412)]]
50.png:[[[(369, 395), (451, 407)], (417, 399)], [[(598, 401), (669, 385)], (629, 390)]]
51.png:[[[(369, 365), (451, 378)], (432, 372)], [[(589, 384), (663, 373)], (636, 373)]]
52.png:[[[(452, 351), (526, 364)], (509, 353)], [[(647, 374), (711, 363)], (691, 366)]]
53.png:[[[(492, 349), (568, 364)], (544, 355)], [[(680, 376), (732, 376)], (715, 373)]]
54.png:[[[(464, 347), (533, 361)], (496, 352)], [[(656, 383), (721, 385)], (678, 377)]]
55.png:[[[(449, 326), (519, 352)], (477, 334)], [[(641, 381), (716, 389)], (667, 376)]]
56.png:[[[(415, 362), (483, 377)], (440, 367)], [[(619, 391), (683, 389)], (637, 385)]]
57.png:[[[(337, 347), (403, 365)], (372, 352)], [[(542, 378), (621, 376)], (569, 370)]]
58.png:[[[(358, 347), (426, 364)], (413, 354)], [[(566, 373), (640, 368)], (612, 364)]]
59.png:[[[(470, 349), (548, 367)], (539, 360)], [[(681, 380), (737, 380)], (721, 378)]]
6.png:[[[(506, 385), (558, 403)], (532, 394)], [[(668, 423), (735, 424)], (692, 421)]]
60.png:[[[(593, 354), (660, 377)], (648, 367)], [[(765, 400), (808, 396)], (794, 395)]]
61.png:[[[(587, 352), (667, 380)], (625, 362)], [[(771, 413), (834, 425)], (792, 411)]]
62.png:[[[(549, 343), (623, 372)], (576, 353)], [[(734, 403), (813, 415)], (756, 401)]]
63.png:[[[(490, 337), (552, 355)], (536, 348)], [[(665, 377), (748, 379)], (717, 373)]]
64.png:[[[(513, 304), (581, 316)], (570, 302)], [[(692, 336), (771, 344)], (750, 326)]]
65.png:[[[(541, 303), (614, 321)], (601, 311)], [[(726, 332), (788, 347)], (770, 335)]]
66.png:[[[(587, 324), (653, 345)], (641, 331)], [[(766, 367), (823, 380)], (806, 365)]]
67.png:[[[(628, 347), (694, 373)], (684, 362)], [[(791, 395), (847, 401)], (832, 393)]]
68.png:[[[(594, 321), (662, 337)], (639, 320)], [[(777, 361), (830, 375)], (809, 356)]]
69.png:[[[(503, 299), (571, 310)], (534, 296)], [[(688, 329), (759, 337)], (716, 318)]]
7.png:[[[(466, 396), (526, 411)], (501, 398)], [[(630, 426), (700, 424)], (662, 415)]]
70.png:[[[(447, 313), (507, 323)], (470, 313)], [[(620, 334), (691, 335)], (637, 327)]]
71.png:[[[(406, 310), (462, 327)], (424, 314)], [[(568, 333), (642, 330)], (584, 319)]]
72.png:[[[(420, 312), (483, 318)], (465, 315)], [[(594, 330), (660, 330)], (640, 328)]]
73.png:[[[(452, 336), (523, 350)], (502, 344)], [[(640, 363), (699, 357)], (682, 357)]]
74.png:[[[(454, 365), (526, 385)], (504, 372)], [[(643, 394), (719, 393)], (692, 394)]]
75.png:[[[(420, 369), (476, 384)], (443, 373)], [[(613, 398), (685, 397)], (632, 391)]]
76.png:[[[(354, 361), (416, 379)], (381, 367)], [[(538, 386), (620, 386)], (566, 380)]]
77.png:[[[(394, 361), (461, 375)], (443, 369)], [[(599, 379), (667, 376)], (635, 376)]]
78.png:[[[(487, 374), (568, 390)], (540, 383)], [[(690, 393), (744, 386)], (721, 387)]]
79.png:[[[(557, 384), (632, 395)], (616, 388)], [[(746, 400), (789, 390)], (772, 389)]]
8.png:[[[(433, 390), (486, 406)], (467, 397)], [[(593, 414), (656, 409)], (630, 407)]]
80.png:[[[(608, 387), (685, 409)], (664, 401)], [[(787, 411), (832, 404)], (816, 405)]]
81.png:[[[(577, 364), (652, 383)], (608, 368)], [[(777, 403), (837, 408)], (792, 400)]]
82.png:[[[(539, 346), (605, 372)], (569, 355)], [[(739, 396), (814, 400)], (766, 393)]]
83.png:[[[(487, 341), (543, 359)], (513, 346)], [[(679, 386), (764, 394)], (708, 385)]]
84.png:[[[(413, 341), (475, 358)], (458, 344)], [[(604, 379), (696, 380)], (644, 372)]]
85.png:[[[(366, 351), (434, 365)], (411, 355)], [[(567, 377), (644, 373)], (604, 367)]]
86.png:[[[(342, 363), (413, 372)], (390, 364)], [[(541, 379), (625, 370)], (591, 369)]]
87.png:[[[(339, 376), (424, 394)], (398, 382)], [[(562, 391), (638, 385)], (605, 384)]]
88.png:[[[(436, 399), (518, 414)], (501, 407)], [[(640, 415), (712, 404)], (686, 411)]]
89.png:[[[(498, 400), (579, 421)], (557, 408)], [[(699, 424), (759, 407)], (738, 412)]]
9.png:[[[(399, 386), (456, 401)], (438, 389)], [[(561, 404), (631, 399)], (595, 399)]]
90.png:[[[(555, 404), (638, 420)], (611, 412)], [[(747, 427), (788, 419)], (777, 417)]]
91.png:[[[(610, 407), (691, 431)], (664, 413)], [[(802, 430), (847, 421)], (829, 424)]]
92.png:[[[(645, 402), (715, 422)], (686, 408)], [[(830, 429), (877, 422)], (856, 420)]]
93.png:[[[(679, 395), (754, 418)], (723, 406)], [[(876, 436), (927, 430)], (900, 428)]]
94.png:[[[(702, 376), (785, 412)], (739, 390)], [[(905, 435), (965, 438)], (927, 427)]]
95.png:[[[(712, 361), (785, 397)], (749, 371)], [[(920, 439), (997, 448)], (957, 434)]]
96.png:[[[(729, 347), (797, 382)], (766, 364)], [[(938, 432), (1010, 449)], (977, 434)]]
97.png:[[[(736, 346), (803, 386)], (776, 365)], [[(948, 444), (1025, 458)], (993, 444)]]
98.png:[[[(767, 363), (831, 400)], (808, 381)], [[(981, 459), (1063, 475)], (1024, 462)]]
99.png:[[[(817, 386), (889, 429)], (868, 413)], [[(1028, 484), (1097, 503)], (1071, 498)]]
