0.png:[[[(545, 420), (600, 417)], (575, 412)], [[(669, 402), (719, 385)], (688, 388)]]
1.png:[[[(553, 422), (608, 418)], (582, 417)], [[(671, 405), (720, 394)], (695, 393)]]
10.png:[[[(602, 378), (648, 376)], (618, 375)], [[(732, 373), (785, 372)], (748, 375)]]
100.png:[[[(622, 391), (685, 394)], (648, 385)], [[(770, 385), (826, 384)], (789, 383)]]
101.png:[[[(603, 359), (653, 363)], (626, 356)], [[(731, 361), (783, 355)], (748, 355)]]
102.png:[[[(615, 405), (664, 405)], (640, 400)], [[(720, 402), (763, 397)], (735, 396)]]
103.png:[[[(627, 440), (671, 439)], (653, 435)], [[(725, 438), (764, 435)], (742, 434)]]
104.png:[[[(637, 449), (682, 451)], (661, 446)], [[(728, 456), (762, 458)], (744, 454)]]
105.png:[[[(632, 480), (676, 480)], (663, 480)], [[(726, 484), (755, 487)], (741, 485)]]
106.png:[[[(670, 470), (704, 478)], (696, 472)], [[(751, 488), (774, 497)], (766, 490)]]
107.png:[[[(669, 473), (703, 473)], (687, 473)], [[(750, 484), (778, 494)], (767, 488)]]
108.png:[[[(628, 479), (665, 476)], (655, 476)], [[(715, 471), (750, 475)], (730, 473)]]
109.png:[[[(619, 483), (652, 475)], (641, 476)], [[(697, 471), (744, 464)], (721, 466)]]
11.png:[[[(593, 380), (640, 388)], (611, 377)], [[(715, 383), (776, 378)], (733, 375)]]
110.png:[[[(544, 503), (569, 503)], (553, 497)], [[(612, 485), (650, 475)], (621, 477)]]
111.png:[[[(557, 489), (600, 488)], (582, 485)], [[(655, 471), (698, 461)], (676, 461)]]
112.png:[[[(639, 495), (692, 491)], (681, 496)], [[(763, 488), (813, 475)], (790, 479)]]
113.png:[[[(704, 429), (765, 434)], (735, 423)], [[(824, 437), (870, 427)], (841, 429)]]
114.png:[[[(680, 345), (737, 359)], (707, 347)], [[(810, 370), (856, 374)], (825, 367)]]
115.png:[[[(559, 337), (595, 333)], (582, 326)], [[(662, 319), (718, 315)], (693, 309)]]
116.png:[[[(539, 332), (575, 320)], (564, 316)], [[(634, 302), (691, 290)], (665, 287)]]
117.png:[[[(547, 362), (590, 358)], (573, 351)], [[(652, 344), (704, 333)], (679, 332)]]
118.png:[[[(591, 422), (640, 425)], (625, 421)], [[(711, 425), (763, 419)], (737, 415)]]
119.png:[[[(629, 452), (684, 466)], (665, 456)], [[(757, 460), (800, 453)], (778, 455)]]
12.png:[[[(570, 350), (614, 343)], (589, 341)], [[(691, 340), (742, 336)], (707, 330)]]
120.png:[[[(727, 324), (777, 337)], (764, 328)], [[(836, 343), (874, 347)], (861, 340)]]
121.png:[[[(692, 276), (756, 278)], (721, 267)], [[(821, 290), (861, 300)], (835, 286)]]
122.png:[[[(622, 305), (674, 295)], (650, 295)], [[(753, 291), (806, 295)], (775, 290)]]
123.png:[[[(571, 340), (608, 334)], (595, 333)], [[(672, 322), (729, 317)], (707, 316)]]
124.png:[[[(545, 351), (581, 350)], (570, 345)], [[(636, 333), (698, 321)], (670, 324)]]
13.png:[[[(575, 363), (624, 366)], (614, 365)], [[(704, 358), (750, 352)], (737, 354)]]
14.png:[[[(654, 391), (718, 401)], (688, 396)], [[(793, 403), (841, 396)], (813, 396)]]
15.png:[[[(567, 411), (617, 413)], (587, 411)], [[(698, 416), (749, 410)], (712, 410)]]
16.png:[[[(544, 395), (588, 395)], (566, 385)], [[(660, 385), (718, 377)], (685, 377)]]
17.png:[[[(550, 373), (607, 370)], (586, 361)], [[(678, 355), (737, 341)], (717, 342)]]
18.png:[[[(576, 364), (631, 364)], (612, 358)], [[(708, 350), (761, 340)], (738, 340)]]
19.png:[[[(604, 396), (665, 406)], (655, 394)], [[(747, 393), (794, 384)], (780, 384)]]
2.png:[[[(556, 391), (607, 392)], (588, 391)], [[(676, 387), (730, 376)], (705, 376)]]
20.png:[[[(662, 395), (724, 396)], (713, 390)], [[(795, 390), (842, 378)], (821, 383)]]
21.png:[[[(772, 373), (832, 386)], (823, 379)], [[(896, 389), (938, 389)], (925, 380)]]
22.png:[[[(837, 364), (895, 375)], (879, 365)], [[(962, 388), (998, 388)], (986, 387)]]
23.png:[[[(844, 331), (909, 347)], (898, 332)], [[(1001, 371), (1049, 383)], (1029, 367)]]
24.png:[[[(826, 286), (885, 300)], (861, 279)], [[(982, 312), (1039, 325)], (1011, 304)]]
25.png:[[[(794, 318), (848, 322)], (812, 311)], [[(929, 337), (1001, 339)], (957, 326)]]
26.png:[[[(735, 349), (789, 357)], (762, 354)], [[(880, 366), (951, 366)], (912, 361)]]
27.png:[[[(633, 395), (701, 392)], (661, 390)], [[(781, 396), (855, 383)], (805, 383)]]
28.png:[[[(567, 425), (624, 417)], (593, 417)], [[(702, 415), (764, 400)], (718, 400)]]
29.png:[[[(490, 465), (537, 466)], (505, 464)], [[(605, 454), (661, 439)], (620, 445)]]
3.png:[[[(567, 390), (620, 384)], (594, 380)], [[(690, 378), (740, 370)], (708, 369)]]
30.png:[[[(441, 436), (476, 433)], (451, 433)], [[(528, 415), (575, 395)], (545, 402)]]
31.png:[[[(424, 394), (453, 386)], (437, 382)], [[(512, 364), (566, 335)], (535, 340)]]
32.png:[[[(412, 373), (449, 360)], (427, 359)], [[(504, 335), (554, 314)], (528, 316)]]
33.png:[[[(389, 355), (426, 341)], (404, 334)], [[(490, 314), (547, 294)], (513, 295)]]
34.png:[[[(411, 346), (464, 338)], (440, 331)], [[(538, 315), (597, 302)], (567, 302)]]
35.png:[[[(423, 371), (484, 367)], (454, 358)], [[(565, 350), (619, 338)], (592, 334)]]
36.png:[[[(430, 444), (491, 448)], (475, 446)], [[(581, 435), (643, 419)], (614, 432)]]
37.png:[[[(461, 490), (532, 496)], (505, 494)], [[(621, 485), (674, 470)], (657, 475)]]
38.png:[[[(501, 537), (565, 550)], (537, 546)], [[(656, 539), (715, 526)], (690, 531)]]
39.png:[[[(521, 511), (594, 520)], (557, 516)], [[(678, 515), (734, 506)], (710, 513)]]
4.png:[[[(602, 385), (658, 385)], (634, 379)], [[(733, 384), (784, 376)], (747, 375)]]
40.png:[[[(605, 359), (670, 367)], (644, 364)], [[(756, 362), (814, 360)], (785, 358)]]
41.png:[[[(659, 344), (730, 356)], (702, 343)], [[(800, 354), (848, 352)], (827, 347)]]
42.png:[[[(615, 362), (676, 364)], (651, 362)], [[(767, 376), (822, 376)], (785, 366)]]
43.png:[[[(550, 369), (598, 375)], (574, 370)], [[(682, 385), (757, 381)], (704, 378)]]
44.png:[[[(534, 475), (602, 494)], (572, 485)], [[(698, 478), (757, 465)], (720, 471)]]
45.png:[[[(589, 487), (657, 488)], (630, 487)], [[(750, 474), (811, 462)], (780, 471)]]
46.png:[[[(784, 401), (852, 400)], (832, 401)], [[(926, 407), (980, 404)], (960, 402)]]
47.png:[[[(809, 336), (882, 353)], (849, 340)], [[(964, 362), (1019, 367)], (988, 360)]]
48.png:[[[(703, 311), (754, 312)], (727, 304)], [[(849, 325), (916, 325)], (874, 317)]]
49.png:[[[(656, 321), (704, 321)], (682, 312)], [[(791, 319), (859, 319)], (819, 314)]]
5.png:[[[(598, 376), (638, 383)], (621, 376)], [[(704, 384), (758, 381)], (735, 378)]]
50.png:[[[(610, 344), (665, 342)], (641, 335)], [[(752, 337), (823, 323)], (778, 321)]]
51.png:[[[(373, 434), (424, 424)], (386, 430)], [[(500, 386), (564, 357)], (511, 379)]]
52.png:[[[(301, 454), (336, 445)], (311, 452)], [[(392, 427), (439, 400)], (401, 415)]]
53.png:[[[(253, 500), (282, 491)], (266, 491)], [[(345, 455), (390, 425)], (362, 441)]]
54.png:[[[(266, 510), (314, 479)], (295, 486)], [[(394, 431), (455, 393)], (422, 407)]]
55.png:[[[(299, 492), (358, 460)], (331, 468)], [[(443, 400), (500, 357)], (467, 380)]]
56.png:[[[(341, 403), (405, 375)], (383, 380)], [[(494, 333), (555, 304)], (521, 308)]]
57.png:[[[(433, 265), (499, 256)], (469, 244)], [[(591, 245), (642, 241)], (615, 233)]]
58.png:[[[(505, 224), (562, 223)], (541, 209)], [[(647, 225), (700, 237)], (674, 219)]]
59.png:[[[(563, 226), (627, 228)], (598, 210)], [[(704, 238), (746, 259)], (724, 236)]]
6.png:[[[(660, 455), (720, 463)], (692, 453)], [[(790, 463), (846, 455)], (814, 453)]]
60.png:[[[(643, 235), (707, 245)], (686, 230)], [[(775, 270), (818, 286)], (801, 269)]]
61.png:[[[(702, 287), (768, 289)], (734, 285)], [[(851, 303), (903, 314)], (872, 302)]]
62.png:[[[(601, 333), (656, 347)], (617, 333)], [[(753, 351), (818, 349)], (769, 349)]]
63.png:[[[(535, 364), (587, 369)], (566, 369)], [[(663, 378), (745, 372)], (704, 370)]]
64.png:[[[(572, 325), (630, 319)], (610, 317)], [[(696, 320), (743, 320)], (720, 313)]]
65.png:[[[(718, 385), (774, 393)], (758, 385)], [[(848, 405), (883, 404)], (870, 399)]]
66.png:[[[(811, 407), (864, 420)], (848, 415)], [[(928, 435), (957, 440)], (940, 432)]]
67.png:[[[(848, 410), (900, 423)], (882, 415)], [[(960, 441), (996, 441)], (978, 432)]]
68.png:[[[(741, 367), (802, 381)], (758, 370)], [[(894, 407), (948, 415)], (905, 404)]]
69.png:[[[(641, 364), (687, 368)], (652, 362)], [[(776, 383), (840, 381)], (791, 377)]]
7.png:[[[(545, 348), (593, 349)], (581, 343)], [[(666, 335), (722, 327)], (700, 327)]]
70.png:[[[(586, 396), (652, 403)], (620, 392)], [[(740, 397), (804, 383)], (764, 382)]]
71.png:[[[(533, 467), (596, 460)], (556, 462)], [[(683, 434), (740, 411)], (703, 423)]]
72.png:[[[(400, 452), (447, 452)], (411, 451)], [[(506, 444), (573, 413)], (519, 427)]]
73.png:[[[(351, 451), (374, 442)], (357, 444)], [[(428, 431), (463, 406)], (438, 414)]]
74.png:[[[(325, 442), (344, 427)], (335, 434)], [[(387, 409), (434, 376)], (408, 384)]]
75.png:[[[(373, 367), (431, 341)], (405, 343)], [[(501, 313), (559, 297)], (527, 300)]]
76.png:[[[(446, 332), (501, 327)], (478, 322)], [[(573, 314), (623, 308)], (602, 304)]]
77.png:[[[(496, 335), (556, 333)], (531, 324)], [[(628, 324), (676, 323)], (654, 318)]]
78.png:[[[(515, 360), (574, 368)], (546, 360)], [[(662, 362), (714, 360)], (684, 356)]]
79.png:[[[(619, 390), (676, 400)], (659, 393)], [[(755, 401), (796, 401)], (780, 401)]]
8.png:[[[(551, 347), (610, 348)], (594, 342)], [[(686, 336), (731, 330)], (713, 331)]]
80.png:[[[(612, 395), (679, 413)], (638, 401)], [[(769, 429), (837, 433)], (788, 428)]]
81.png:[[[(609, 391), (677, 397)], (640, 387)], [[(772, 397), (836, 384)], (790, 380)]]
82.png:[[[(611, 371), (677, 375)], (637, 369)], [[(768, 363), (820, 347)], (783, 348)]]
83.png:[[[(554, 340), (617, 338)], (578, 331)], [[(697, 325), (748, 309)], (708, 310)]]
84.png:[[[(533, 344), (589, 338)], (563, 334)], [[(662, 326), (715, 309)], (689, 310)]]
85.png:[[[(557, 355), (607, 349)], (581, 345)], [[(681, 332), (740, 320)], (708, 321)]]
86.png:[[[(561, 364), (620, 353)], (590, 351)], [[(694, 335), (746, 325)], (709, 327)]]
87.png:[[[(723, 296), (806, 309)], (772, 290)], [[(889, 319), (952, 318)], (922, 309)]]
88.png:[[[(489, 373), (582, 398)], (541, 376)], [[(703, 383), (795, 373)], (742, 371)]]
89.png:[[[(552, 356), (657, 379)], (620, 363)], [[(793, 384), (891, 366)], (847, 363)]]
9.png:[[[(614, 339), (669, 345)], (652, 339)], [[(743, 345), (785, 343)], (771, 336)]]
90.png:[[[(498, 364), (583, 379)], (543, 370)], [[(731, 390), (823, 381)], (770, 379)]]
91.png:[[[(449, 375), (526, 392)], (493, 376)], [[(664, 404), (776, 384)], (707, 385)]]
92.png:[[[(446, 413), (549, 427)], (512, 416)], [[(692, 419), (788, 394)], (742, 398)]]
93.png:[[[(493, 370), (593, 377)], (559, 368)], [[(737, 363), (833, 337)], (794, 339)]]
94.png:[[[(530, 297), (628, 306)], (595, 292)], [[(769, 294), (861, 278)], (818, 279)]]
95.png:[[[(486, 346), (563, 349)], (526, 354)], [[(718, 352), (819, 338)], (743, 343)]]
96.png:[[[(419, 384), (494, 399)], (459, 393)], [[(627, 400), (722, 392)], (659, 397)]]
97.png:[[[(451, 334), (540, 337)], (508, 322)], [[(684, 322), (778, 306)], (732, 291)]]
98.png:[[[(586, 336), (658, 349)], (632, 338)], [[(771, 333), (841, 324)], (811, 324)]]
99.png:[[[(624, 384), (691, 400)], (666, 385)], [[(791, 387), (851, 367)], (820, 371)]]
