0.png:[[[(684, 410), (732, 417)], (712, 411)], [[(809, 428), (853, 427)], (827, 420)]]
1.png:[[[(632, 416), (683, 417)], (662, 413)], [[(757, 420), (804, 418)], (780, 416)]]
10.png:[[[(608, 430), (656, 432)], (634, 427)], [[(734, 428), (778, 422)], (753, 420)]]
100.png:[[[(588, 433), (640, 429)], (619, 432)], [[(716, 427), (763, 422)], (742, 424)]]
101.png:[[[(594, 430), (641, 428)], (623, 429)], [[(717, 425), (759, 422)], (740, 423)]]
102.png:[[[(592, 431), (643, 429)], (621, 431)], [[(721, 426), (764, 419)], (745, 422)]]
103.png:[[[(590, 434), (643, 432)], (622, 432)], [[(719, 428), (766, 422)], (743, 424)]]
104.png:[[[(592, 435), (646, 433)], (624, 433)], [[(715, 431), (763, 426)], (741, 427)]]
105.png:[[[(592, 437), (640, 435)], (611, 437)], [[(712, 434), (765, 423)], (731, 426)]]
106.png:[[[(586, 438), (647, 435)], (612, 436)], [[(705, 430), (760, 425)], (728, 426)]]
107.png:[[[(587, 430), (638, 435)], (608, 432)], [[(712, 427), (755, 423)], (728, 422)]]
108.png:[[[(591, 428), (642, 430)], (629, 426)], [[(716, 425), (766, 419)], (743, 418)]]
109.png:[[[(592, 424), (643, 424)], (623, 418)], [[(714, 418), (765, 415)], (739, 410)]]
11.png:[[[(610, 432), (662, 431)], (635, 427)], [[(736, 430), (779, 423)], (751, 419)]]
110.png:[[[(590, 426), (642, 426)], (623, 424)], [[(715, 424), (764, 419)], (740, 414)]]
111.png:[[[(585, 428), (639, 428)], (613, 424)], [[(713, 423), (766, 417)], (732, 412)]]
112.png:[[[(591, 427), (635, 430)], (620, 427)], [[(709, 425), (760, 423)], (732, 421)]]
113.png:[[[(595, 431), (640, 431)], (622, 430)], [[(718, 427), (760, 423)], (739, 425)]]
114.png:[[[(587, 434), (638, 435)], (617, 434)], [[(708, 430), (761, 422)], (734, 424)]]
115.png:[[[(582, 436), (635, 432)], (611, 433)], [[(707, 432), (758, 425)], (729, 424)]]
116.png:[[[(593, 432), (640, 433)], (617, 428)], [[(713, 427), (764, 422)], (735, 420)]]
117.png:[[[(594, 428), (643, 430)], (621, 426)], [[(712, 429), (764, 423)], (737, 417)]]
118.png:[[[(596, 428), (648, 429)], (627, 422)], [[(718, 427), (766, 422)], (744, 415)]]
119.png:[[[(599, 424), (651, 427)], (632, 422)], [[(720, 421), (773, 420)], (749, 413)]]
12.png:[[[(594, 438), (642, 437)], (617, 435)], [[(716, 430), (762, 422)], (736, 421)]]
120.png:[[[(590, 424), (644, 429)], (620, 423)], [[(715, 419), (762, 418)], (737, 415)]]
121.png:[[[(595, 431), (643, 430)], (614, 426)], [[(715, 427), (765, 423)], (730, 418)]]
122.png:[[[(595, 433), (654, 433)], (625, 427)], [[(725, 429), (770, 427)], (741, 422)]]
123.png:[[[(605, 438), (649, 433)], (624, 434)], [[(722, 431), (772, 429)], (746, 430)]]
124.png:[[[(594, 436), (648, 437)], (626, 432)], [[(721, 432), (771, 426)], (742, 424)]]
125.png:[[[(584, 438), (638, 439)], (608, 436)], [[(708, 435), (760, 431)], (728, 427)]]
126.png:[[[(596, 437), (643, 437)], (621, 435)], [[(716, 434), (759, 427)], (738, 428)]]
127.png:[[[(599, 440), (651, 440)], (629, 436)], [[(725, 436), (773, 430)], (746, 428)]]
128.png:[[[(610, 436), (664, 437)], (646, 429)], [[(737, 431), (782, 430)], (763, 424)]]
129.png:[[[(618, 432), (669, 433)], (655, 427)], [[(743, 430), (785, 425)], (769, 424)]]
13.png:[[[(569, 443), (615, 443)], (595, 441)], [[(687, 431), (732, 424)], (705, 423)]]
130.png:[[[(622, 428), (668, 433)], (650, 423)], [[(746, 429), (784, 422)], (765, 418)]]
131.png:[[[(613, 434), (656, 435)], (633, 429)], [[(733, 430), (777, 424)], (750, 423)]]
132.png:[[[(582, 439), (630, 439)], (603, 437)], [[(702, 432), (750, 427)], (720, 425)]]
133.png:[[[(568, 442), (614, 441)], (593, 440)], [[(686, 435), (742, 427)], (709, 427)]]
134.png:[[[(556, 441), (600, 439)], (573, 429)], [[(669, 424), (722, 416)], (690, 409)]]
135.png:[[[(562, 440), (607, 438)], (584, 425)], [[(678, 422), (727, 417)], (705, 410)]]
136.png:[[[(590, 431), (634, 432)], (615, 418)], [[(713, 424), (756, 417)], (734, 407)]]
137.png:[[[(594, 426), (639, 427)], (618, 416)], [[(720, 420), (760, 414)], (738, 403)]]
138.png:[[[(602, 430), (646, 430)], (622, 416)], [[(722, 425), (763, 420)], (743, 409)]]
139.png:[[[(596, 431), (639, 432)], (610, 422)], [[(713, 423), (761, 422)], (725, 414)]]
14.png:[[[(567, 444), (616, 438)], (598, 437)], [[(687, 426), (731, 419)], (711, 419)]]
140.png:[[[(587, 433), (630, 435)], (600, 426)], [[(706, 427), (749, 420)], (719, 416)]]
141.png:[[[(579, 433), (619, 434)], (594, 427)], [[(697, 424), (745, 422)], (713, 415)]]
142.png:[[[(569, 434), (607, 430)], (583, 423)], [[(687, 423), (736, 419)], (703, 413)]]
143.png:[[[(560, 437), (602, 432)], (582, 422)], [[(680, 423), (726, 416)], (698, 409)]]
144.png:[[[(582, 425), (632, 429)], (612, 417)], [[(707, 421), (757, 415)], (732, 408)]]
145.png:[[[(599, 424), (646, 426)], (623, 421)], [[(719, 422), (761, 419)], (740, 411)]]
146.png:[[[(591, 430), (638, 429)], (616, 425)], [[(711, 428), (757, 423)], (732, 416)]]
147.png:[[[(585, 427), (629, 430)], (607, 423)], [[(702, 425), (749, 419)], (725, 413)]]
148.png:[[[(571, 429), (614, 434)], (592, 424)], [[(689, 427), (738, 423)], (709, 415)]]
149.png:[[[(564, 433), (608, 431)], (586, 422)], [[(683, 424), (731, 418)], (703, 411)]]
15.png:[[[(590, 433), (639, 433)], (621, 432)], [[(713, 429), (758, 422)], (737, 420)]]
150.png:[[[(582, 429), (623, 431)], (596, 425)], [[(699, 426), (744, 422)], (714, 417)]]
151.png:[[[(562, 429), (604, 429)], (579, 426)], [[(681, 427), (732, 421)], (695, 415)]]
152.png:[[[(557, 429), (605, 432)], (578, 422)], [[(680, 421), (728, 417)], (697, 410)]]
153.png:[[[(595, 423), (640, 427)], (619, 418)], [[(717, 423), (760, 416)], (738, 411)]]
154.png:[[[(600, 425), (647, 428)], (624, 417)], [[(722, 423), (767, 416)], (743, 411)]]
155.png:[[[(587, 431), (636, 429)], (609, 425)], [[(711, 427), (758, 420)], (729, 414)]]
156.png:[[[(580, 436), (622, 437)], (597, 427)], [[(700, 429), (743, 420)], (716, 417)]]
157.png:[[[(574, 437), (619, 438)], (594, 429)], [[(696, 430), (740, 423)], (713, 420)]]
158.png:[[[(603, 433), (645, 435)], (628, 428)], [[(726, 432), (767, 423)], (747, 420)]]
159.png:[[[(618, 431), (660, 435)], (641, 425)], [[(737, 430), (781, 424)], (758, 418)]]
16.png:[[[(623, 418), (666, 420)], (651, 415)], [[(742, 415), (787, 413)], (766, 410)]]
160.png:[[[(615, 430), (664, 435)], (638, 423)], [[(738, 428), (784, 427)], (759, 422)]]
161.png:[[[(608, 434), (655, 435)], (631, 428)], [[(732, 430), (780, 425)], (750, 417)]]
162.png:[[[(594, 435), (643, 435)], (620, 429)], [[(717, 428), (768, 428)], (739, 421)]]
163.png:[[[(569, 442), (622, 443)], (590, 433)], [[(696, 433), (740, 427)], (709, 421)]]
164.png:[[[(566, 445), (610, 444)], (584, 437)], [[(679, 435), (726, 430)], (701, 427)]]
165.png:[[[(649, 436), (690, 436)], (671, 428)], [[(766, 428), (806, 425)], (785, 423)]]
166.png:[[[(653, 435), (697, 436)], (678, 426)], [[(771, 436), (812, 428)], (796, 423)]]
167.png:[[[(654, 433), (700, 436)], (681, 428)], [[(775, 434), (817, 429)], (795, 424)]]
168.png:[[[(636, 435), (684, 436)], (664, 431)], [[(760, 435), (807, 427)], (779, 425)]]
169.png:[[[(594, 442), (642, 448)], (616, 440)], [[(722, 439), (767, 432)], (736, 430)]]
17.png:[[[(633, 414), (676, 411)], (658, 408)], [[(746, 412), (793, 411)], (772, 405)]]
170.png:[[[(569, 447), (607, 447)], (588, 446)], [[(682, 445), (737, 437)], (703, 437)]]
171.png:[[[(545, 453), (587, 458)], (563, 451)], [[(659, 451), (712, 440)], (680, 436)]]
172.png:[[[(603, 454), (650, 455)], (632, 452)], [[(728, 446), (772, 437)], (752, 439)]]
173.png:[[[(658, 445), (703, 446)], (689, 438)], [[(783, 444), (817, 440)], (800, 435)]]
174.png:[[[(689, 440), (735, 443)], (718, 440)], [[(799, 446), (843, 442)], (823, 440)]]
175.png:[[[(675, 443), (719, 449)], (701, 440)], [[(792, 455), (840, 444)], (811, 440)]]
176.png:[[[(656, 443), (709, 450)], (685, 439)], [[(780, 449), (826, 445)], (805, 438)]]
177.png:[[[(645, 445), (692, 447)], (671, 439)], [[(767, 448), (812, 443)], (790, 440)]]
178.png:[[[(628, 443), (673, 449)], (648, 439)], [[(753, 449), (791, 446)], (765, 442)]]
179.png:[[[(614, 449), (655, 446)], (635, 448)], [[(737, 444), (782, 443)], (759, 446)]]
18.png:[[[(614, 418), (665, 421)], (631, 411)], [[(734, 414), (779, 412)], (748, 405)]]
180.png:[[[(611, 445), (662, 448)], (645, 441)], [[(742, 444), (782, 443)], (763, 438)]]
181.png:[[[(609, 450), (658, 449)], (637, 451)], [[(737, 444), (777, 445)], (758, 448)]]
182.png:[[[(585, 449), (634, 451)], (607, 441)], [[(710, 444), (758, 440)], (727, 435)]]
183.png:[[[(581, 445), (626, 449)], (601, 441)], [[(700, 441), (745, 435)], (719, 432)]]
184.png:[[[(601, 444), (646, 448)], (629, 445)], [[(718, 441), (763, 436)], (749, 436)]]
185.png:[[[(625, 443), (669, 446)], (658, 440)], [[(751, 441), (788, 434)], (773, 434)]]
186.png:[[[(640, 443), (684, 446)], (670, 440)], [[(763, 440), (799, 436)], (784, 435)]]
187.png:[[[(633, 443), (683, 446)], (662, 437)], [[(759, 439), (801, 434)], (778, 434)]]
188.png:[[[(618, 446), (670, 447)], (642, 443)], [[(745, 449), (790, 437)], (763, 439)]]
189.png:[[[(610, 449), (655, 447)], (633, 445)], [[(737, 447), (776, 440)], (755, 439)]]
19.png:[[[(605, 424), (653, 421)], (631, 420)], [[(726, 414), (770, 415)], (750, 414)]]
190.png:[[[(591, 447), (642, 449)], (620, 445)], [[(722, 445), (770, 439)], (742, 438)]]
191.png:[[[(574, 449), (623, 449)], (600, 445)], [[(699, 442), (747, 434)], (719, 434)]]
192.png:[[[(559, 448), (602, 447)], (577, 445)], [[(679, 444), (731, 436)], (697, 434)]]
193.png:[[[(536, 445), (580, 446)], (556, 443)], [[(650, 437), (700, 431)], (664, 430)]]
194.png:[[[(557, 446), (593, 446)], (575, 445)], [[(663, 433), (715, 430)], (691, 427)]]
195.png:[[[(592, 450), (642, 448)], (629, 443)], [[(720, 437), (760, 432)], (747, 432)]]
196.png:[[[(620, 448), (672, 449)], (655, 444)], [[(744, 440), (786, 434)], (771, 432)]]
197.png:[[[(627, 448), (673, 447)], (658, 445)], [[(749, 435), (788, 434)], (771, 433)]]
198.png:[[[(631, 446), (678, 447)], (663, 439)], [[(756, 436), (795, 431)], (779, 429)]]
199.png:[[[(626, 443), (667, 441)], (651, 438)], [[(748, 438), (787, 429)], (771, 429)]]
2.png:[[[(597, 417), (645, 422)], (628, 417)], [[(722, 416), (761, 411)], (740, 410)]]
20.png:[[[(600, 421), (647, 421)], (625, 419)], [[(720, 417), (769, 416)], (737, 411)]]
200.png:[[[(601, 445), (644, 445)], (621, 442)], [[(726, 436), (766, 433)], (738, 429)]]
201.png:[[[(577, 445), (617, 446)], (593, 441)], [[(697, 439), (737, 434)], (710, 428)]]
202.png:[[[(542, 447), (580, 447)], (560, 444)], [[(656, 439), (708, 431)], (671, 430)]]
203.png:[[[(537, 450), (574, 450)], (553, 447)], [[(648, 438), (696, 433)], (661, 432)]]
204.png:[[[(536, 450), (573, 453)], (552, 450)], [[(643, 439), (685, 431)], (662, 435)]]
205.png:[[[(550, 454), (592, 452)], (579, 452)], [[(671, 446), (721, 435)], (696, 437)]]
206.png:[[[(568, 457), (620, 452)], (596, 449)], [[(696, 444), (744, 440)], (719, 438)]]
207.png:[[[(593, 449), (643, 449)], (627, 449)], [[(724, 444), (768, 437)], (749, 435)]]
208.png:[[[(635, 445), (682, 449)], (666, 447)], [[(755, 440), (796, 437)], (781, 436)]]
209.png:[[[(652, 447), (698, 445)], (682, 443)], [[(775, 440), (805, 434)], (795, 436)]]
21.png:[[[(602, 427), (644, 427)], (625, 421)], [[(718, 421), (763, 417)], (743, 414)]]
210.png:[[[(658, 444), (705, 446)], (696, 440)], [[(781, 437), (817, 435)], (803, 434)]]
211.png:[[[(646, 441), (688, 442)], (676, 438)], [[(767, 438), (808, 433)], (791, 430)]]
212.png:[[[(605, 447), (644, 448)], (632, 445)], [[(726, 446), (771, 441)], (755, 438)]]
213.png:[[[(591, 453), (633, 453)], (608, 452)], [[(715, 447), (756, 443)], (729, 441)]]
214.png:[[[(567, 457), (608, 458)], (583, 454)], [[(689, 452), (738, 442)], (702, 444)]]
215.png:[[[(558, 468), (603, 467)], (580, 464)], [[(681, 457), (729, 448)], (700, 450)]]
216.png:[[[(556, 470), (599, 467)], (571, 467)], [[(677, 458), (720, 451)], (689, 455)]]
217.png:[[[(536, 469), (572, 467)], (551, 465)], [[(651, 457), (699, 451)], (665, 454)]]
218.png:[[[(537, 468), (573, 462)], (553, 463)], [[(646, 458), (695, 451)], (664, 454)]]
219.png:[[[(535, 464), (570, 464)], (548, 464)], [[(642, 460), (691, 453)], (659, 453)]]
22.png:[[[(599, 425), (648, 426)], (627, 423)], [[(724, 423), (761, 418)], (745, 415)]]
220.png:[[[(544, 471), (588, 463)], (563, 473)], [[(661, 456), (712, 453)], (687, 462)]]
221.png:[[[(599, 460), (641, 463)], (621, 460)], [[(722, 457), (763, 445)], (742, 449)]]
222.png:[[[(615, 461), (655, 465)], (645, 460)], [[(739, 459), (778, 447)], (765, 447)]]
223.png:[[[(598, 466), (642, 474)], (618, 464)], [[(727, 462), (772, 458)], (738, 455)]]
224.png:[[[(563, 472), (600, 473)], (588, 469)], [[(688, 467), (729, 460)], (710, 459)]]
225.png:[[[(539, 476), (571, 477)], (554, 476)], [[(659, 474), (706, 466)], (672, 469)]]
226.png:[[[(529, 480), (560, 483)], (543, 484)], [[(645, 486), (691, 477)], (657, 479)]]
227.png:[[[(549, 487), (587, 487)], (577, 488)], [[(671, 488), (715, 473)], (692, 481)]]
228.png:[[[(632, 481), (679, 481)], (666, 480)], [[(757, 476), (802, 464)], (781, 469)]]
229.png:[[[(609, 479), (657, 482)], (638, 478)], [[(738, 474), (777, 465)], (753, 471)]]
23.png:[[[(594, 431), (646, 427)], (622, 421)], [[(719, 421), (758, 418)], (734, 416)]]
230.png:[[[(591, 470), (627, 471)], (608, 476)], [[(715, 473), (767, 463)], (734, 468)]]
231.png:[[[(582, 470), (619, 472)], (599, 471)], [[(709, 473), (752, 467)], (723, 467)]]
232.png:[[[(560, 463), (602, 469)], (577, 465)], [[(681, 466), (729, 455)], (697, 455)]]
233.png:[[[(558, 461), (598, 464)], (580, 457)], [[(681, 458), (722, 449)], (704, 450)]]
234.png:[[[(576, 463), (620, 464)], (602, 459)], [[(706, 453), (743, 448)], (721, 447)]]
235.png:[[[(603, 461), (648, 461)], (635, 455)], [[(732, 452), (770, 445)], (757, 445)]]
236.png:[[[(619, 460), (667, 460)], (650, 453)], [[(744, 448), (780, 444)], (766, 441)]]
237.png:[[[(639, 453), (681, 451)], (669, 447)], [[(762, 445), (799, 438)], (786, 436)]]
238.png:[[[(635, 427), (681, 427)], (658, 417)], [[(763, 420), (804, 420)], (772, 412)]]
239.png:[[[(626, 417), (671, 417)], (646, 408)], [[(746, 412), (786, 412)], (765, 404)]]
24.png:[[[(597, 426), (640, 425)], (620, 421)], [[(717, 416), (759, 416)], (731, 414)]]
240.png:[[[(601, 418), (645, 415)], (618, 409)], [[(722, 409), (764, 407)], (737, 401)]]
241.png:[[[(583, 407), (624, 405)], (601, 402)], [[(699, 399), (741, 395)], (716, 390)]]
242.png:[[[(571, 405), (607, 403)], (586, 401)], [[(681, 395), (720, 391)], (696, 386)]]
243.png:[[[(604, 421), (647, 422)], (627, 419)], [[(720, 414), (760, 410)], (743, 408)]]
244.png:[[[(605, 423), (645, 423)], (628, 418)], [[(722, 414), (763, 409)], (745, 406)]]
245.png:[[[(596, 429), (639, 425)], (616, 422)], [[(714, 421), (753, 410)], (730, 410)]]
246.png:[[[(567, 433), (613, 431)], (589, 426)], [[(685, 423), (736, 413)], (707, 412)]]
247.png:[[[(557, 446), (596, 442)], (575, 439)], [[(666, 430), (715, 422)], (691, 423)]]
248.png:[[[(570, 456), (608, 453)], (595, 449)], [[(688, 442), (724, 433)], (713, 434)]]
249.png:[[[(603, 459), (646, 459)], (630, 452)], [[(734, 441), (768, 434)], (753, 434)]]
25.png:[[[(589, 427), (634, 427)], (611, 424)], [[(708, 424), (757, 414)], (728, 414)]]
250.png:[[[(616, 458), (668, 455)], (648, 451)], [[(744, 445), (783, 436)], (765, 437)]]
251.png:[[[(606, 454), (656, 455)], (634, 448)], [[(736, 443), (775, 439)], (755, 438)]]
252.png:[[[(578, 451), (626, 452)], (600, 450)], [[(707, 444), (747, 433)], (722, 436)]]
253.png:[[[(533, 458), (572, 457)], (554, 454)], [[(649, 448), (693, 435)], (670, 436)]]
254.png:[[[(510, 461), (552, 464)], (533, 461)], [[(630, 443), (681, 431)], (648, 435)]]
255.png:[[[(596, 426), (646, 426)], (618, 421)], [[(722, 418), (760, 414)], (734, 412)]]
256.png:[[[(625, 423), (674, 424)], (649, 419)], [[(748, 424), (784, 423)], (761, 418)]]
257.png:[[[(635, 420), (679, 424)], (659, 419)], [[(755, 429), (795, 431)], (772, 425)]]
258.png:[[[(632, 415), (672, 420)], (654, 412)], [[(753, 425), (795, 429)], (770, 421)]]
259.png:[[[(632, 408), (670, 412)], (655, 403)], [[(749, 420), (795, 424)], (770, 415)]]
26.png:[[[(586, 431), (635, 431)], (616, 430)], [[(712, 420), (751, 417)], (735, 419)]]
260.png:[[[(698, 424), (747, 430)], (725, 432)], [[(818, 443), (854, 455)], (836, 452)]]
261.png:[[[(619, 440), (669, 443)], (638, 438)], [[(748, 448), (799, 449)], (760, 443)]]
262.png:[[[(601, 447), (645, 446)], (622, 441)], [[(719, 446), (771, 444)], (738, 439)]]
263.png:[[[(585, 447), (634, 447)], (611, 443)], [[(710, 444), (758, 438)], (723, 435)]]
264.png:[[[(622, 451), (668, 448)], (654, 441)], [[(750, 441), (790, 440)], (769, 431)]]
265.png:[[[(630, 444), (683, 449)], (664, 439)], [[(760, 441), (798, 436)], (779, 430)]]
266.png:[[[(637, 440), (682, 440)], (660, 436)], [[(763, 439), (800, 437)], (777, 429)]]
267.png:[[[(613, 433), (655, 437)], (635, 432)], [[(732, 439), (779, 435)], (751, 433)]]
268.png:[[[(588, 437), (635, 433)], (611, 432)], [[(718, 431), (766, 430)], (733, 427)]]
269.png:[[[(585, 440), (631, 438)], (606, 435)], [[(705, 436), (754, 430)], (725, 427)]]
27.png:[[[(592, 432), (632, 432)], (620, 433)], [[(710, 423), (752, 421)], (736, 420)]]
270.png:[[[(598, 452), (643, 450)], (622, 455)], [[(723, 443), (764, 442)], (747, 445)]]
271.png:[[[(606, 449), (647, 448)], (634, 445)], [[(729, 440), (771, 435)], (747, 432)]]
272.png:[[[(589, 442), (635, 440)], (615, 435)], [[(713, 434), (761, 429)], (730, 425)]]
273.png:[[[(565, 443), (609, 442)], (582, 435)], [[(685, 433), (735, 425)], (701, 422)]]
274.png:[[[(553, 440), (593, 443)], (570, 438)], [[(666, 430), (718, 423)], (682, 420)]]
275.png:[[[(563, 443), (604, 442)], (589, 439)], [[(681, 433), (722, 423)], (706, 421)]]
276.png:[[[(593, 442), (635, 441)], (622, 436)], [[(718, 432), (761, 423)], (745, 422)]]
277.png:[[[(614, 441), (664, 438)], (645, 433)], [[(742, 430), (782, 426)], (768, 422)]]
278.png:[[[(657, 438), (701, 436)], (688, 430)], [[(780, 431), (819, 429)], (800, 430)]]
279.png:[[[(672, 436), (717, 438)], (703, 432)], [[(794, 438), (828, 433)], (815, 431)]]
28.png:[[[(603, 432), (642, 430)], (629, 430)], [[(717, 425), (759, 423)], (744, 421)]]
280.png:[[[(661, 431), (705, 438)], (690, 426)], [[(785, 437), (820, 435)], (806, 430)]]
281.png:[[[(634, 431), (676, 432)], (656, 428)], [[(759, 433), (795, 433)], (769, 426)]]
282.png:[[[(621, 433), (663, 434)], (647, 429)], [[(743, 432), (785, 429)], (761, 426)]]
283.png:[[[(606, 434), (647, 434)], (624, 433)], [[(727, 431), (767, 429)], (743, 427)]]
284.png:[[[(571, 437), (612, 437)], (586, 436)], [[(685, 431), (736, 422)], (700, 425)]]
285.png:[[[(605, 444), (642, 441)], (628, 440)], [[(728, 432), (769, 430)], (750, 429)]]
286.png:[[[(636, 442), (682, 440)], (667, 437)], [[(757, 437), (801, 429)], (785, 429)]]
287.png:[[[(653, 439), (695, 440)], (682, 436)], [[(773, 438), (811, 433)], (796, 431)]]
288.png:[[[(675, 431), (718, 434)], (704, 428)], [[(790, 436), (828, 434)], (815, 432)]]
289.png:[[[(681, 427), (720, 429)], (705, 423)], [[(799, 437), (833, 434)], (819, 431)]]
29.png:[[[(608, 430), (649, 430)], (636, 427)], [[(729, 427), (766, 422)], (748, 419)]]
290.png:[[[(654, 423), (695, 426)], (670, 422)], [[(775, 430), (817, 433)], (793, 427)]]
291.png:[[[(625, 422), (667, 424)], (646, 416)], [[(747, 427), (788, 429)], (763, 422)]]
292.png:[[[(600, 420), (641, 422)], (619, 417)], [[(718, 420), (768, 419)], (736, 415)]]
293.png:[[[(576, 426), (618, 424)], (596, 421)], [[(694, 420), (740, 418)], (711, 412)]]
294.png:[[[(562, 435), (603, 433)], (576, 427)], [[(674, 423), (721, 419)], (688, 415)]]
295.png:[[[(559, 439), (602, 432)], (583, 429)], [[(675, 422), (726, 417)], (694, 413)]]
296.png:[[[(573, 440), (625, 435)], (601, 429)], [[(697, 426), (740, 417)], (717, 413)]]
297.png:[[[(599, 425), (644, 427)], (621, 418)], [[(717, 422), (766, 415)], (738, 404)]]
298.png:[[[(609, 421), (651, 421)], (634, 409)], [[(730, 416), (772, 414)], (750, 404)]]
299.png:[[[(629, 420), (675, 420)], (655, 412)], [[(750, 420), (790, 416)], (773, 411)]]
3.png:[[[(594, 424), (644, 425)], (621, 424)], [[(718, 421), (760, 416)], (736, 415)]]
30.png:[[[(606, 431), (649, 430)], (630, 428)], [[(725, 426), (767, 424)], (741, 422)]]
300.png:[[[(593, 422), (633, 424)], (608, 421)], [[(711, 422), (764, 420)], (730, 415)]]
301.png:[[[(580, 427), (626, 425)], (601, 420)], [[(706, 421), (750, 419)], (720, 415)]]
302.png:[[[(573, 429), (618, 429)], (595, 423)], [[(695, 423), (739, 421)], (712, 413)]]
303.png:[[[(623, 433), (667, 434)], (649, 427)], [[(743, 431), (783, 427)], (765, 423)]]
304.png:[[[(625, 434), (670, 434)], (656, 429)], [[(750, 432), (788, 429)], (771, 426)]]
305.png:[[[(619, 434), (662, 434)], (638, 427)], [[(744, 434), (780, 433)], (759, 427)]]
306.png:[[[(590, 436), (633, 436)], (607, 428)], [[(710, 432), (753, 429)], (723, 424)]]
307.png:[[[(576, 433), (617, 432)], (594, 426)], [[(693, 427), (740, 423)], (710, 417)]]
308.png:[[[(574, 433), (611, 430)], (591, 426)], [[(690, 427), (740, 419)], (710, 415)]]
309.png:[[[(601, 415), (649, 416)], (628, 407)], [[(723, 412), (770, 407)], (747, 400)]]
31.png:[[[(599, 430), (641, 428)], (620, 424)], [[(713, 424), (757, 419)], (732, 417)]]
310.png:[[[(605, 414), (649, 415)], (624, 408)], [[(725, 412), (767, 407)], (738, 403)]]
311.png:[[[(588, 420), (632, 417)], (606, 411)], [[(709, 411), (753, 409)], (726, 403)]]
312.png:[[[(573, 425), (620, 422)], (597, 418)], [[(697, 416), (739, 412)], (711, 407)]]
313.png:[[[(576, 425), (616, 425)], (597, 420)], [[(690, 417), (741, 415)], (711, 408)]]
314.png:[[[(584, 428), (624, 425)], (606, 422)], [[(696, 419), (742, 417)], (720, 414)]]
315.png:[[[(602, 430), (650, 427)], (630, 428)], [[(722, 421), (768, 419)], (749, 419)]]
316.png:[[[(614, 433), (657, 430)], (636, 430)], [[(733, 425), (778, 423)], (760, 425)]]
317.png:[[[(606, 431), (655, 430)], (631, 435)], [[(731, 426), (772, 422)], (750, 426)]]
318.png:[[[(591, 427), (634, 428)], (610, 430)], [[(717, 424), (764, 421)], (732, 421)]]
319.png:[[[(579, 430), (627, 429)], (599, 427)], [[(705, 420), (752, 418)], (722, 418)]]
32.png:[[[(598, 430), (645, 429)], (624, 426)], [[(716, 426), (757, 421)], (738, 420)]]
320.png:[[[(571, 437), (618, 435)], (593, 432)], [[(693, 427), (740, 420)], (705, 418)]]
321.png:[[[(584, 431), (621, 433)], (604, 429)], [[(700, 426), (741, 420)], (717, 419)]]
322.png:[[[(605, 436), (657, 434)], (635, 429)], [[(731, 430), (777, 426)], (754, 422)]]
323.png:[[[(624, 432), (674, 431)], (661, 425)], [[(752, 428), (794, 427)], (776, 423)]]
324.png:[[[(643, 425), (690, 426)], (670, 419)], [[(768, 424), (809, 424)], (788, 422)]]
325.png:[[[(650, 413), (699, 419)], (678, 408)], [[(771, 422), (820, 425)], (789, 415)]]
326.png:[[[(634, 409), (682, 413)], (650, 409)], [[(756, 414), (798, 416)], (768, 410)]]
327.png:[[[(602, 413), (648, 414)], (624, 407)], [[(722, 412), (772, 414)], (739, 404)]]
328.png:[[[(579, 424), (619, 424)], (597, 418)], [[(693, 413), (741, 412)], (713, 406)]]
329.png:[[[(596, 424), (638, 428)], (617, 417)], [[(709, 415), (758, 417)], (733, 410)]]
33.png:[[[(602, 426), (644, 428)], (626, 424)], [[(720, 421), (765, 419)], (741, 414)]]
330.png:[[[(615, 426), (660, 426)], (645, 419)], [[(737, 428), (780, 424)], (756, 421)]]
331.png:[[[(646, 424), (693, 430)], (675, 423)], [[(770, 430), (805, 430)], (787, 429)]]
332.png:[[[(654, 425), (705, 429)], (679, 425)], [[(774, 435), (815, 434)], (792, 430)]]
333.png:[[[(646, 425), (690, 429)], (673, 427)], [[(765, 433), (811, 432)], (781, 429)]]
334.png:[[[(625, 425), (672, 426)], (651, 426)], [[(745, 428), (790, 427)], (767, 427)]]
335.png:[[[(603, 423), (647, 423)], (619, 422)], [[(721, 422), (770, 421)], (739, 417)]]
336.png:[[[(592, 424), (638, 422)], (612, 419)], [[(715, 422), (759, 419)], (729, 412)]]
337.png:[[[(583, 420), (626, 421)], (602, 415)], [[(704, 416), (754, 414)], (719, 408)]]
338.png:[[[(573, 423), (613, 421)], (590, 416)], [[(692, 417), (735, 412)], (705, 406)]]
339.png:[[[(586, 421), (631, 421)], (609, 414)], [[(707, 416), (751, 407)], (723, 403)]]
34.png:[[[(597, 427), (643, 427)], (630, 424)], [[(718, 422), (761, 415)], (744, 415)]]
340.png:[[[(591, 417), (633, 414)], (613, 405)], [[(705, 404), (754, 401)], (724, 395)]]
341.png:[[[(597, 412), (641, 409)], (619, 400)], [[(714, 401), (755, 397)], (732, 390)]]
342.png:[[[(601, 408), (640, 406)], (616, 404)], [[(708, 399), (757, 396)], (722, 393)]]
343.png:[[[(592, 412), (627, 412)], (607, 408)], [[(700, 404), (746, 401)], (713, 396)]]
344.png:[[[(570, 425), (605, 414)], (585, 414)], [[(680, 403), (729, 397)], (697, 394)]]
345.png:[[[(572, 418), (608, 413)], (592, 408)], [[(686, 406), (729, 399)], (702, 390)]]
346.png:[[[(591, 416), (638, 411)], (616, 404)], [[(707, 403), (752, 399)], (730, 393)]]
347.png:[[[(614, 413), (657, 411)], (638, 404)], [[(730, 407), (772, 406)], (753, 400)]]
348.png:[[[(599, 422), (644, 417)], (621, 413)], [[(716, 413), (762, 409)], (734, 406)]]
349.png:[[[(581, 425), (627, 423)], (604, 421)], [[(698, 413), (746, 408)], (716, 408)]]
35.png:[[[(607, 428), (650, 427)], (636, 426)], [[(723, 425), (770, 416)], (751, 416)]]
350.png:[[[(566, 423), (609, 422)], (583, 418)], [[(677, 413), (723, 399)], (692, 400)]]
351.png:[[[(562, 431), (604, 431)], (578, 426)], [[(671, 419), (720, 411)], (690, 410)]]
352.png:[[[(574, 441), (620, 438)], (598, 444)], [[(696, 429), (742, 424)], (723, 429)]]
353.png:[[[(598, 436), (647, 436)], (625, 436)], [[(722, 427), (762, 423)], (742, 422)]]
354.png:[[[(612, 433), (652, 433)], (638, 430)], [[(731, 426), (768, 420)], (754, 422)]]
355.png:[[[(593, 431), (639, 431)], (607, 429)], [[(712, 427), (757, 425)], (727, 419)]]
356.png:[[[(557, 437), (603, 433)], (572, 431)], [[(675, 425), (726, 418)], (694, 415)]]
357.png:[[[(542, 436), (588, 434)], (563, 429)], [[(654, 424), (706, 416)], (670, 415)]]
358.png:[[[(543, 436), (585, 433)], (559, 430)], [[(655, 421), (697, 410)], (666, 410)]]
359.png:[[[(554, 433), (597, 429)], (578, 425)], [[(668, 418), (716, 407)], (691, 406)]]
36.png:[[[(608, 432), (653, 432)], (637, 429)], [[(726, 429), (766, 422)], (752, 419)]]
360.png:[[[(565, 436), (608, 431)], (587, 426)], [[(681, 419), (728, 410)], (705, 406)]]
361.png:[[[(578, 436), (619, 432)], (602, 422)], [[(696, 418), (742, 412)], (714, 404)]]
362.png:[[[(575, 434), (624, 425)], (597, 422)], [[(694, 415), (736, 408)], (711, 406)]]
363.png:[[[(575, 428), (619, 426)], (597, 421)], [[(696, 415), (736, 407)], (714, 403)]]
364.png:[[[(574, 429), (619, 421)], (598, 417)], [[(690, 411), (737, 407)], (712, 402)]]
365.png:[[[(557, 432), (602, 428)], (580, 425)], [[(669, 417), (717, 410)], (693, 405)]]
366.png:[[[(557, 430), (597, 425)], (568, 427)], [[(670, 418), (719, 415)], (683, 412)]]
367.png:[[[(538, 433), (583, 429)], (551, 427)], [[(649, 419), (700, 410)], (664, 409)]]
368.png:[[[(539, 431), (578, 430)], (552, 429)], [[(647, 421), (697, 412)], (659, 410)]]
369.png:[[[(543, 432), (586, 433)], (557, 427)], [[(652, 419), (701, 414)], (662, 410)]]
37.png:[[[(598, 429), (640, 429)], (611, 427)], [[(714, 427), (759, 421)], (729, 420)]]
370.png:[[[(574, 433), (617, 428)], (602, 423)], [[(690, 421), (741, 416)], (718, 411)]]
371.png:[[[(596, 430), (641, 429)], (619, 426)], [[(712, 424), (754, 417)], (732, 414)]]
372.png:[[[(605, 433), (650, 431)], (624, 429)], [[(724, 427), (770, 423)], (741, 421)]]
373.png:[[[(581, 439), (628, 442)], (597, 437)], [[(703, 435), (753, 428)], (720, 428)]]
374.png:[[[(569, 445), (614, 444)], (589, 438)], [[(685, 437), (738, 433)], (705, 431)]]
375.png:[[[(569, 443), (620, 439)], (594, 440)], [[(697, 435), (747, 430)], (730, 430)]]
376.png:[[[(612, 440), (662, 438)], (643, 435)], [[(739, 431), (782, 425)], (764, 425)]]
377.png:[[[(627, 433), (682, 432)], (660, 432)], [[(753, 430), (793, 426)], (770, 420)]]
378.png:[[[(627, 432), (679, 433)], (660, 426)], [[(751, 432), (796, 427)], (770, 419)]]
379.png:[[[(622, 422), (670, 426)], (648, 415)], [[(742, 419), (783, 417)], (763, 407)]]
38.png:[[[(579, 435), (629, 433)], (612, 431)], [[(705, 423), (747, 416)], (729, 417)]]
380.png:[[[(600, 419), (650, 418)], (621, 412)], [[(722, 410), (762, 406)], (737, 400)]]
381.png:[[[(558, 422), (603, 416)], (575, 414)], [[(669, 406), (713, 399)], (682, 395)]]
382.png:[[[(529, 428), (562, 415)], (539, 413)], [[(630, 398), (672, 391)], (647, 386)]]
383.png:[[[(506, 438), (545, 421)], (524, 419)], [[(611, 400), (653, 390)], (628, 386)]]
384.png:[[[(535, 429), (578, 418)], (558, 416)], [[(646, 401), (687, 396)], (663, 393)]]
385.png:[[[(583, 418), (625, 414)], (604, 412)], [[(697, 406), (740, 403)], (715, 400)]]
386.png:[[[(642, 410), (696, 413)], (671, 413)], [[(763, 419), (804, 421)], (785, 419)]]
387.png:[[[(722, 421), (774, 433)], (762, 428)], [[(843, 446), (880, 456)], (867, 452)]]
388.png:[[[(764, 440), (818, 461)], (803, 453)], [[(880, 480), (913, 488)], (898, 482)]]
389.png:[[[(755, 448), (806, 468)], (783, 462)], [[(876, 484), (911, 495)], (896, 492)]]
39.png:[[[(577, 431), (627, 433)], (610, 430)], [[(699, 423), (749, 418)], (727, 418)]]
390.png:[[[(698, 452), (752, 461)], (724, 452)], [[(831, 472), (871, 472)], (842, 472)]]
391.png:[[[(656, 458), (713, 472)], (692, 462)], [[(793, 479), (837, 475)], (811, 474)]]
392.png:[[[(624, 461), (669, 475)], (648, 462)], [[(752, 469), (807, 467)], (766, 463)]]
393.png:[[[(582, 482), (622, 478)], (610, 478)], [[(708, 474), (755, 468)], (729, 467)]]
394.png:[[[(576, 491), (626, 490)], (605, 490)], [[(705, 484), (754, 478)], (727, 476)]]
395.png:[[[(586, 491), (634, 495)], (614, 487)], [[(725, 487), (769, 478)], (741, 478)]]
396.png:[[[(601, 507), (655, 521)], (629, 510)], [[(739, 514), (781, 502)], (756, 504)]]
397.png:[[[(602, 486), (648, 497)], (629, 486)], [[(740, 489), (780, 474)], (757, 475)]]
398.png:[[[(599, 464), (649, 470)], (624, 460)], [[(732, 466), (775, 457)], (751, 452)]]
399.png:[[[(598, 449), (651, 449)], (626, 443)], [[(737, 443), (781, 439)], (750, 436)]]
4.png:[[[(617, 430), (664, 429)], (643, 426)], [[(740, 426), (780, 421)], (758, 421)]]
40.png:[[[(585, 433), (636, 432)], (622, 430)], [[(710, 425), (758, 418)], (738, 418)]]
400.png:[[[(594, 400), (644, 396)], (618, 393)], [[(713, 390), (758, 389)], (732, 386)]]
401.png:[[[(599, 392), (644, 386)], (622, 385)], [[(714, 379), (757, 379)], (732, 376)]]
402.png:[[[(600, 380), (641, 373)], (623, 377)], [[(712, 368), (756, 371)], (732, 368)]]
403.png:[[[(603, 376), (639, 364)], (624, 370)], [[(711, 362), (748, 366)], (729, 364)]]
404.png:[[[(603, 379), (641, 366)], (625, 371)], [[(713, 366), (757, 369)], (735, 365)]]
405.png:[[[(600, 367), (641, 359)], (622, 348)], [[(710, 358), (748, 356)], (728, 346)]]
406.png:[[[(599, 367), (640, 360)], (618, 351)], [[(710, 355), (748, 358)], (725, 344)]]
407.png:[[[(599, 363), (644, 355)], (618, 348)], [[(709, 355), (747, 357)], (726, 344)]]
408.png:[[[(598, 364), (638, 358)], (617, 351)], [[(709, 357), (750, 358)], (730, 345)]]
409.png:[[[(587, 436), (637, 436)], (624, 435)], [[(715, 433), (760, 428)], (742, 428)]]
41.png:[[[(599, 425), (650, 424)], (637, 424)], [[(719, 421), (765, 417)], (751, 416)]]
410.png:[[[(608, 432), (657, 433)], (646, 427)], [[(738, 430), (788, 425)], (770, 422)]]
411.png:[[[(646, 426), (693, 424)], (683, 423)], [[(774, 427), (810, 424)], (799, 422)]]
412.png:[[[(670, 422), (723, 421)], (712, 417)], [[(793, 425), (836, 420)], (824, 419)]]
413.png:[[[(701, 418), (749, 417)], (742, 417)], [[(815, 424), (847, 421)], (838, 421)]]
414.png:[[[(709, 416), (761, 423)], (752, 419)], [[(818, 425), (850, 427)], (841, 424)]]
415.png:[[[(731, 421), (773, 423)], (766, 420)], [[(825, 429), (850, 428)], (846, 425)]]
416.png:[[[(739, 426), (785, 427)], (756, 423)], [[(833, 431), (854, 429)], (838, 429)]]
417.png:[[[(736, 425), (786, 429)], (755, 424)], [[(835, 429), (854, 429)], (838, 428)]]
418.png:[[[(737, 424), (787, 426)], (757, 424)], [[(833, 428), (859, 428)], (837, 425)]]
419.png:[[[(665, 420), (715, 424)], (688, 422)], [[(791, 426), (828, 426)], (800, 421)]]
42.png:[[[(605, 422), (656, 422)], (632, 418)], [[(735, 420), (773, 416)], (752, 411)]]
420.png:[[[(627, 425), (681, 426)], (657, 423)], [[(765, 428), (802, 428)], (777, 423)]]
421.png:[[[(617, 428), (669, 429)], (643, 425)], [[(744, 429), (785, 428)], (763, 423)]]
422.png:[[[(595, 432), (640, 431)], (618, 428)], [[(716, 429), (762, 427)], (741, 425)]]
423.png:[[[(569, 425), (612, 424)], (592, 425)], [[(689, 422), (733, 420)], (708, 420)]]
424.png:[[[(562, 424), (598, 422)], (578, 422)], [[(670, 423), (736, 418)], (703, 416)]]
425.png:[[[(533, 425), (561, 425)], (540, 420)], [[(617, 413), (663, 403)], (630, 403)]]
426.png:[[[(527, 428), (552, 426)], (534, 419)], [[(610, 411), (653, 400)], (619, 400)]]
427.png:[[[(522, 432), (540, 430)], (526, 426)], [[(600, 413), (639, 399)], (604, 404)]]
428.png:[[[(520, 438), (540, 432)], (521, 430)], [[(597, 415), (632, 403)], (601, 405)]]
429.png:[[[(519, 440), (539, 436)], (522, 432)], [[(597, 417), (631, 403)], (603, 405)]]
43.png:[[[(606, 428), (655, 426)], (627, 421)], [[(727, 420), (774, 419)], (743, 414)]]
430.png:[[[(516, 438), (542, 432)], (518, 430)], [[(595, 419), (637, 410)], (603, 410)]]
431.png:[[[(519, 439), (542, 435)], (519, 434)], [[(596, 418), (635, 405)], (602, 407)]]
432.png:[[[(519, 439), (541, 435)], (526, 432)], [[(594, 415), (635, 406)], (607, 406)]]
433.png:[[[(526, 433), (548, 428)], (541, 427)], [[(612, 412), (654, 402)], (630, 400)]]
434.png:[[[(528, 431), (554, 422)], (544, 424)], [[(615, 411), (656, 404)], (634, 402)]]
435.png:[[[(534, 426), (571, 426)], (558, 422)], [[(635, 414), (687, 405)], (660, 404)]]
436.png:[[[(553, 421), (594, 421)], (574, 417)], [[(661, 411), (714, 404)], (691, 402)]]
437.png:[[[(570, 421), (609, 422)], (592, 416)], [[(685, 411), (737, 405)], (712, 403)]]
438.png:[[[(581, 425), (629, 421)], (615, 418)], [[(700, 413), (745, 409)], (730, 406)]]
439.png:[[[(588, 425), (633, 425)], (616, 419)], [[(709, 416), (760, 409)], (737, 405)]]
44.png:[[[(593, 428), (642, 426)], (614, 422)], [[(724, 424), (767, 418)], (737, 414)]]
440.png:[[[(618, 399), (673, 399)], (654, 390)], [[(745, 395), (784, 395)], (770, 387)]]
441.png:[[[(630, 395), (679, 393)], (659, 384)], [[(749, 385), (792, 387)], (773, 380)]]
442.png:[[[(629, 387), (677, 384)], (659, 376)], [[(745, 375), (787, 381)], (771, 372)]]
443.png:[[[(633, 376), (675, 373)], (657, 368)], [[(745, 369), (786, 373)], (767, 366)]]
444.png:[[[(632, 364), (677, 361)], (660, 357)], [[(743, 359), (785, 365)], (770, 358)]]
445.png:[[[(637, 361), (673, 360)], (659, 355)], [[(740, 359), (783, 364)], (767, 355)]]
446.png:[[[(637, 363), (677, 363)], (659, 356)], [[(741, 361), (783, 367)], (766, 360)]]
447.png:[[[(631, 369), (679, 369)], (657, 364)], [[(742, 367), (780, 371)], (760, 363)]]
448.png:[[[(628, 374), (676, 368)], (649, 369)], [[(738, 366), (784, 371)], (755, 364)]]
449.png:[[[(629, 371), (672, 367)], (653, 368)], [[(743, 365), (786, 370)], (760, 364)]]
45.png:[[[(602, 426), (643, 428)], (631, 426)], [[(718, 422), (766, 417)], (752, 417)]]
450.png:[[[(629, 374), (672, 368)], (647, 368)], [[(740, 364), (780, 371)], (760, 367)]]
451.png:[[[(627, 376), (664, 368)], (646, 375)], [[(738, 366), (779, 375)], (757, 369)]]
452.png:[[[(621, 381), (666, 378)], (644, 381)], [[(733, 370), (773, 376)], (751, 376)]]
453.png:[[[(617, 388), (666, 381)], (640, 384)], [[(734, 378), (777, 382)], (751, 379)]]
454.png:[[[(613, 394), (662, 391)], (634, 389)], [[(729, 385), (775, 386)], (749, 384)]]
455.png:[[[(612, 402), (659, 397)], (633, 395)], [[(727, 390), (778, 394)], (750, 390)]]
456.png:[[[(607, 406), (651, 404)], (629, 402)], [[(725, 399), (773, 398)], (744, 394)]]
457.png:[[[(592, 418), (637, 415)], (617, 414)], [[(714, 406), (759, 405)], (735, 402)]]
458.png:[[[(582, 432), (628, 430)], (609, 426)], [[(703, 415), (741, 416)], (723, 414)]]
459.png:[[[(546, 445), (595, 439)], (569, 434)], [[(671, 423), (722, 414)], (691, 413)]]
46.png:[[[(597, 422), (643, 425)], (618, 421)], [[(721, 424), (765, 416)], (736, 411)]]
460.png:[[[(515, 425), (541, 420)], (526, 414)], [[(608, 399), (645, 386)], (619, 385)]]
461.png:[[[(514, 431), (542, 415)], (522, 415)], [[(600, 396), (644, 381)], (618, 385)]]
462.png:[[[(517, 430), (540, 413)], (524, 415)], [[(595, 397), (637, 379)], (612, 378)]]
463.png:[[[(514, 430), (540, 415)], (527, 414)], [[(598, 390), (638, 376)], (612, 376)]]
464.png:[[[(518, 431), (543, 416)], (529, 414)], [[(601, 393), (640, 380)], (618, 380)]]
465.png:[[[(520, 429), (553, 420)], (543, 416)], [[(610, 395), (653, 385)], (635, 386)]]
466.png:[[[(522, 428), (552, 420)], (539, 418)], [[(602, 398), (655, 387)], (632, 386)]]
467.png:[[[(525, 427), (552, 419)], (542, 419)], [[(614, 398), (649, 389)], (631, 391)]]
468.png:[[[(526, 435), (564, 424)], (545, 423)], [[(621, 407), (667, 391)], (638, 393)]]
469.png:[[[(532, 438), (571, 428)], (548, 429)], [[(633, 406), (679, 396)], (654, 403)]]
47.png:[[[(599, 423), (648, 424)], (636, 420)], [[(724, 419), (770, 417)], (753, 412)]]
470.png:[[[(537, 443), (572, 434)], (559, 439)], [[(637, 419), (683, 412)], (660, 415)]]
471.png:[[[(531, 449), (565, 444)], (551, 450)], [[(632, 426), (681, 415)], (654, 423)]]
472.png:[[[(488, 465), (512, 454)], (497, 461)], [[(574, 434), (621, 423)], (584, 428)]]
473.png:[[[(484, 464), (515, 457)], (498, 462)], [[(564, 444), (613, 424)], (576, 434)]]
474.png:[[[(486, 469), (505, 462)], (492, 466)], [[(562, 444), (608, 425)], (575, 434)]]
475.png:[[[(486, 470), (513, 457)], (492, 466)], [[(563, 439), (613, 422)], (574, 432)]]
476.png:[[[(485, 471), (509, 461)], (492, 467)], [[(565, 447), (605, 426)], (573, 437)]]
477.png:[[[(493, 470), (518, 464)], (507, 465)], [[(575, 437), (619, 424)], (602, 427)]]
478.png:[[[(506, 466), (534, 462)], (523, 458)], [[(596, 436), (642, 423)], (626, 427)]]
479.png:[[[(528, 458), (566, 456)], (545, 450)], [[(635, 433), (690, 416)], (659, 419)]]
48.png:[[[(601, 419), (654, 424)], (634, 419)], [[(724, 412), (771, 415)], (754, 408)]]
480.png:[[[(559, 444), (602, 439)], (576, 437)], [[(684, 425), (722, 414)], (698, 413)]]
481.png:[[[(580, 427), (634, 426)], (607, 426)], [[(712, 414), (760, 410)], (738, 414)]]
482.png:[[[(627, 418), (687, 415)], (674, 415)], [[(748, 413), (789, 411)], (773, 414)]]
483.png:[[[(642, 421), (692, 424)], (663, 419)], [[(762, 424), (800, 420)], (773, 418)]]
484.png:[[[(662, 422), (714, 422)], (679, 420)], [[(774, 430), (811, 420)], (787, 420)]]
485.png:[[[(696, 419), (750, 423)], (735, 427)], [[(806, 429), (832, 428)], (820, 428)]]
486.png:[[[(713, 420), (762, 427)], (753, 424)], [[(826, 432), (839, 435)], (834, 434)]]
487.png:[[[(582, 405), (632, 400)], (608, 400)], [[(704, 396), (751, 394)], (724, 392)]]
488.png:[[[(624, 395), (674, 395)], (646, 392)], [[(744, 393), (784, 393)], (758, 390)]]
489.png:[[[(658, 386), (700, 388)], (691, 386)], [[(769, 396), (802, 391)], (791, 390)]]
49.png:[[[(588, 429), (640, 430)], (614, 429)], [[(706, 424), (765, 418)], (735, 413)]]
490.png:[[[(673, 377), (723, 383)], (710, 375)], [[(784, 390), (817, 389)], (809, 388)]]
491.png:[[[(663, 370), (707, 374)], (688, 368)], [[(778, 379), (814, 381)], (797, 371)]]
492.png:[[[(599, 367), (649, 364)], (628, 357)], [[(718, 361), (762, 362)], (739, 352)]]
493.png:[[[(580, 372), (625, 362)], (600, 357)], [[(701, 358), (742, 355)], (714, 346)]]
494.png:[[[(565, 385), (606, 374)], (590, 380)], [[(676, 363), (721, 360)], (703, 360)]]
495.png:[[[(549, 402), (591, 384)], (577, 392)], [[(668, 364), (710, 362)], (687, 362)]]
496.png:[[[(547, 407), (582, 393)], (563, 400)], [[(654, 379), (704, 370)], (680, 370)]]
497.png:[[[(549, 404), (588, 396)], (568, 400)], [[(665, 380), (714, 376)], (689, 377)]]
498.png:[[[(576, 402), (623, 393)], (605, 395)], [[(705, 384), (750, 383)], (722, 382)]]
499.png:[[[(609, 401), (655, 397)], (629, 396)], [[(729, 393), (774, 390)], (747, 389)]]
5.png:[[[(644, 426), (692, 425)], (667, 425)], [[(763, 428), (815, 426)], (788, 422)]]
50.png:[[[(606, 428), (646, 428)], (630, 428)], [[(721, 422), (772, 421)], (751, 418)]]
500.png:[[[(721, 393), (762, 398)], (756, 395)], [[(816, 404), (840, 409)], (836, 406)]]
501.png:[[[(743, 396), (781, 406)], (780, 405)], [[(836, 412), (846, 413)], (846, 413)]]
502.png:[[[(745, 400), (778, 409)], (779, 409)], [[(839, 417), (848, 417)], (848, 417)]]
503.png:[[[(694, 402), (742, 410)], (723, 405)], [[(805, 417), (840, 418)], (823, 417)]]
504.png:[[[(607, 402), (656, 402)], (633, 401)], [[(738, 403), (781, 406)], (755, 403)]]
505.png:[[[(574, 407), (615, 403)], (587, 402)], [[(688, 403), (743, 397)], (708, 396)]]
506.png:[[[(542, 411), (585, 408)], (560, 407)], [[(659, 396), (708, 392)], (677, 391)]]
507.png:[[[(518, 416), (559, 411)], (540, 409)], [[(637, 393), (685, 389)], (653, 388)]]
508.png:[[[(537, 428), (581, 416)], (563, 425)], [[(666, 392), (711, 386)], (693, 396)]]
509.png:[[[(555, 421), (601, 414)], (581, 417)], [[(690, 396), (734, 386)], (711, 394)]]
51.png:[[[(601, 430), (645, 430)], (619, 427)], [[(725, 425), (770, 425)], (741, 421)]]
510.png:[[[(587, 414), (629, 411)], (607, 415)], [[(710, 394), (750, 387)], (731, 390)]]
511.png:[[[(627, 406), (685, 402)], (665, 401)], [[(752, 394), (787, 383)], (774, 383)]]
512.png:[[[(649, 399), (705, 396)], (695, 390)], [[(767, 388), (801, 383)], (792, 380)]]
513.png:[[[(666, 375), (717, 378)], (692, 371)], [[(779, 378), (807, 378)], (789, 367)]]
514.png:[[[(633, 369), (685, 373)], (657, 362)], [[(756, 371), (791, 374)], (767, 365)]]
515.png:[[[(595, 372), (639, 371)], (608, 367)], [[(723, 369), (764, 368)], (728, 361)]]
516.png:[[[(548, 375), (589, 371)], (571, 362)], [[(667, 359), (714, 355)], (688, 350)]]
517.png:[[[(573, 365), (613, 364)], (593, 355)], [[(688, 355), (731, 353)], (710, 344)]]
518.png:[[[(580, 371), (626, 368)], (601, 359)], [[(700, 359), (746, 361)], (721, 349)]]
519.png:[[[(605, 366), (653, 371)], (634, 361)], [[(727, 369), (771, 369)], (753, 360)]]
52.png:[[[(599, 430), (645, 430)], (623, 434)], [[(720, 426), (767, 422)], (745, 425)]]
520.png:[[[(632, 373), (679, 374)], (662, 368)], [[(749, 379), (788, 381)], (772, 374)]]
521.png:[[[(642, 380), (688, 379)], (671, 372)], [[(757, 386), (797, 390)], (780, 380)]]
522.png:[[[(620, 382), (669, 385)], (645, 379)], [[(748, 388), (784, 390)], (763, 381)]]
523.png:[[[(594, 388), (646, 388)], (620, 380)], [[(719, 387), (766, 387)], (742, 379)]]
524.png:[[[(577, 403), (619, 405)], (596, 401)], [[(694, 396), (745, 393)], (712, 390)]]
525.png:[[[(554, 414), (603, 412)], (576, 407)], [[(680, 404), (729, 400)], (702, 396)]]
526.png:[[[(560, 426), (607, 428)], (584, 426)], [[(687, 420), (737, 411)], (710, 412)]]
527.png:[[[(571, 442), (619, 440)], (605, 441)], [[(704, 433), (749, 428)], (729, 428)]]
528.png:[[[(586, 436), (635, 435)], (615, 436)], [[(717, 430), (762, 425)], (735, 428)]]
529.png:[[[(595, 427), (647, 428)], (622, 425)], [[(725, 426), (766, 418)], (742, 420)]]
53.png:[[[(599, 433), (646, 430)], (623, 431)], [[(723, 426), (769, 422)], (749, 424)]]
530.png:[[[(617, 417), (669, 419)], (654, 415)], [[(745, 418), (787, 409)], (772, 406)]]
531.png:[[[(614, 410), (666, 410)], (637, 400)], [[(743, 407), (786, 407)], (760, 398)]]
532.png:[[[(581, 398), (621, 399)], (594, 390)], [[(704, 398), (761, 398)], (718, 387)]]
533.png:[[[(548, 386), (591, 387)], (565, 378)], [[(669, 381), (722, 384)], (688, 375)]]
534.png:[[[(536, 386), (580, 384)], (553, 373)], [[(655, 375), (704, 373)], (673, 367)]]
535.png:[[[(531, 383), (576, 378)], (556, 370)], [[(647, 366), (699, 365)], (665, 359)]]
536.png:[[[(534, 384), (578, 379)], (555, 374)], [[(647, 371), (696, 365)], (667, 361)]]
537.png:[[[(549, 374), (592, 375)], (572, 366)], [[(668, 364), (713, 364)], (694, 356)]]
538.png:[[[(573, 366), (617, 363)], (597, 355)], [[(691, 356), (736, 356)], (714, 350)]]
539.png:[[[(588, 368), (641, 365)], (622, 358)], [[(713, 359), (755, 358)], (740, 353)]]
54.png:[[[(601, 430), (649, 429)], (631, 427)], [[(722, 425), (777, 422)], (754, 420)]]
540.png:[[[(608, 361), (663, 356)], (640, 350)], [[(730, 361), (772, 364)], (755, 354)]]
541.png:[[[(581, 375), (628, 374)], (599, 366)], [[(704, 366), (749, 367)], (718, 359)]]
542.png:[[[(553, 383), (597, 383)], (570, 376)], [[(677, 375), (727, 374)], (690, 367)]]
543.png:[[[(532, 391), (575, 391)], (552, 383)], [[(647, 381), (695, 378)], (665, 370)]]
544.png:[[[(563, 409), (616, 406)], (590, 405)], [[(689, 398), (739, 394)], (710, 390)]]
545.png:[[[(582, 416), (629, 416)], (613, 416)], [[(711, 410), (753, 401)], (729, 404)]]
546.png:[[[(594, 416), (646, 419)], (629, 419)], [[(729, 412), (777, 408)], (749, 411)]]
547.png:[[[(608, 422), (662, 421)], (642, 421)], [[(738, 417), (786, 409)], (759, 410)]]
548.png:[[[(595, 421), (650, 423)], (622, 417)], [[(730, 415), (773, 408)], (744, 408)]]
549.png:[[[(584, 423), (624, 423)], (607, 422)], [[(709, 418), (758, 413)], (729, 410)]]
55.png:[[[(594, 436), (647, 431)], (616, 431)], [[(724, 428), (764, 424)], (737, 423)]]
550.png:[[[(578, 431), (627, 428)], (608, 428)], [[(712, 419), (755, 415)], (733, 416)]]
551.png:[[[(529, 426), (576, 424)], (549, 422)], [[(652, 419), (706, 408)], (677, 407)]]
552.png:[[[(537, 435), (586, 435)], (558, 431)], [[(660, 418), (713, 410)], (683, 412)]]
553.png:[[[(544, 437), (598, 434)], (571, 441)], [[(678, 426), (723, 415)], (696, 419)]]
554.png:[[[(575, 435), (629, 431)], (602, 437)], [[(708, 426), (752, 419)], (732, 422)]]
555.png:[[[(585, 431), (638, 431)], (614, 433)], [[(716, 423), (766, 418)], (743, 421)]]
556.png:[[[(587, 426), (642, 424)], (616, 428)], [[(718, 419), (760, 412)], (743, 415)]]
557.png:[[[(546, 386), (594, 388)], (567, 380)], [[(667, 377), (720, 369)], (689, 365)]]
558.png:[[[(554, 382), (600, 378)], (577, 370)], [[(677, 368), (724, 364)], (696, 355)]]
559.png:[[[(574, 377), (625, 374)], (601, 364)], [[(695, 365), (740, 360)], (719, 351)]]
56.png:[[[(588, 436), (641, 435)], (608, 433)], [[(715, 430), (759, 424)], (729, 424)]]
560.png:[[[(573, 364), (625, 365)], (596, 358)], [[(698, 352), (744, 352)], (716, 344)]]
561.png:[[[(558, 366), (607, 358)], (575, 352)], [[(677, 350), (729, 351)], (694, 339)]]
562.png:[[[(537, 364), (580, 356)], (553, 352)], [[(652, 344), (701, 339)], (667, 335)]]
563.png:[[[(543, 361), (585, 350)], (561, 347)], [[(653, 339), (702, 335)], (674, 328)]]
564.png:[[[(544, 360), (596, 355)], (567, 346)], [[(664, 345), (709, 339)], (679, 330)]]
565.png:[[[(564, 366), (612, 362)], (585, 351)], [[(677, 351), (730, 351)], (706, 340)]]
566.png:[[[(574, 368), (624, 364)], (602, 360)], [[(699, 357), (739, 354)], (717, 351)]]
567.png:[[[(552, 376), (600, 374)], (576, 369)], [[(672, 368), (723, 365)], (697, 358)]]
568.png:[[[(550, 389), (597, 387)], (577, 380)], [[(671, 377), (723, 373)], (695, 368)]]
569.png:[[[(562, 400), (610, 399)], (588, 393)], [[(692, 391), (737, 388)], (712, 383)]]
57.png:[[[(595, 436), (638, 435)], (624, 434)], [[(708, 428), (763, 424)], (746, 424)]]
570.png:[[[(564, 410), (618, 411)], (594, 405)], [[(695, 403), (741, 394)], (720, 391)]]
571.png:[[[(564, 427), (614, 427)], (593, 423)], [[(698, 420), (743, 413)], (720, 411)]]
572.png:[[[(571, 433), (624, 434)], (601, 431)], [[(700, 427), (755, 417)], (733, 420)]]
573.png:[[[(578, 434), (630, 437)], (611, 436)], [[(711, 432), (759, 422)], (739, 422)]]
574.png:[[[(579, 434), (635, 435)], (611, 434)], [[(716, 433), (762, 422)], (733, 427)]]
575.png:[[[(556, 438), (610, 439)], (580, 439)], [[(686, 430), (739, 423)], (706, 426)]]
576.png:[[[(553, 438), (604, 435)], (590, 434)], [[(685, 427), (737, 417)], (713, 420)]]
577.png:[[[(601, 430), (654, 430)], (640, 430)], [[(732, 425), (772, 417)], (757, 416)]]
578.png:[[[(603, 426), (657, 426)], (642, 424)], [[(739, 419), (782, 409)], (765, 414)]]
579.png:[[[(592, 423), (639, 418)], (623, 417)], [[(721, 412), (764, 406)], (748, 410)]]
58.png:[[[(598, 432), (646, 434)], (633, 433)], [[(715, 429), (769, 423)], (747, 423)]]
580.png:[[[(571, 412), (628, 411)], (604, 411)], [[(706, 410), (757, 401)], (727, 399)]]
581.png:[[[(551, 396), (601, 395)], (571, 391)], [[(674, 392), (731, 389)], (697, 385)]]
582.png:[[[(529, 389), (583, 385)], (552, 379)], [[(657, 379), (713, 373)], (675, 367)]]
583.png:[[[(538, 374), (581, 363)], (555, 364)], [[(653, 357), (708, 352)], (673, 345)]]
584.png:[[[(594, 351), (640, 350)], (615, 346)], [[(709, 346), (753, 349)], (731, 342)]]
585.png:[[[(600, 351), (644, 353)], (622, 342)], [[(718, 351), (757, 354)], (731, 343)]]
587.png:[[[(534, 381), (584, 377)], (551, 370)], [[(649, 363), (707, 360)], (666, 356)]]
588.png:[[[(518, 390), (557, 382)], (534, 379)], [[(630, 368), (682, 360)], (646, 359)]]
589.png:[[[(517, 387), (555, 386)], (532, 379)], [[(626, 373), (678, 364)], (645, 364)]]
59.png:[[[(593, 434), (637, 433)], (613, 435)], [[(715, 427), (762, 427)], (739, 427)]]
590.png:[[[(532, 387), (571, 386)], (552, 378)], [[(650, 373), (701, 368)], (668, 364)]]
591.png:[[[(582, 389), (637, 391)], (604, 384)], [[(711, 389), (753, 385)], (728, 378)]]
592.png:[[[(594, 395), (641, 395)], (620, 388)], [[(721, 391), (764, 389)], (741, 381)]]
593.png:[[[(592, 390), (642, 392)], (615, 386)], [[(716, 387), (761, 384)], (733, 376)]]
594.png:[[[(572, 388), (628, 392)], (600, 380)], [[(700, 383), (751, 382)], (727, 373)]]
595.png:[[[(593, 406), (645, 408)], (620, 409)], [[(714, 410), (757, 411)], (735, 408)]]
596.png:[[[(572, 403), (616, 403)], (585, 397)], [[(688, 400), (737, 396)], (699, 392)]]
597.png:[[[(538, 403), (574, 403)], (551, 399)], [[(649, 394), (702, 386)], (667, 385)]]
598.png:[[[(521, 405), (548, 402)], (528, 398)], [[(616, 387), (659, 376)], (624, 373)]]
599.png:[[[(517, 406), (560, 403)], (534, 397)], [[(628, 391), (674, 382)], (644, 378)]]
6.png:[[[(635, 432), (680, 431)], (660, 431)], [[(757, 430), (803, 423)], (780, 425)]]
60.png:[[[(597, 430), (642, 429)], (629, 429)], [[(716, 426), (766, 422)], (751, 424)]]
600.png:[[[(546, 404), (587, 398)], (568, 405)], [[(660, 390), (709, 386)], (686, 385)]]
601.png:[[[(550, 406), (598, 403)], (574, 405)], [[(676, 395), (723, 391)], (701, 392)]]
602.png:[[[(560, 410), (619, 407)], (602, 406)], [[(687, 402), (740, 396)], (718, 398)]]
603.png:[[[(601, 413), (651, 410)], (640, 405)], [[(724, 409), (768, 401)], (754, 400)]]
604.png:[[[(626, 407), (680, 408)], (663, 399)], [[(749, 407), (794, 406)], (780, 403)]]
605.png:[[[(617, 397), (670, 404)], (647, 391)], [[(744, 398), (783, 400)], (765, 390)]]
606.png:[[[(584, 402), (638, 402)], (607, 392)], [[(708, 400), (764, 396)], (726, 386)]]
607.png:[[[(550, 394), (601, 391)], (567, 386)], [[(669, 380), (724, 380)], (693, 374)]]
608.png:[[[(527, 400), (571, 400)], (543, 391)], [[(643, 381), (696, 380)], (661, 375)]]
609.png:[[[(512, 410), (551, 402)], (530, 399)], [[(626, 389), (676, 379)], (640, 374)]]
61.png:[[[(593, 432), (636, 431)], (619, 435)], [[(712, 431), (757, 425)], (740, 429)]]
610.png:[[[(490, 418), (525, 411)], (499, 408)], [[(595, 393), (647, 382)], (610, 383)]]
611.png:[[[(490, 417), (532, 413)], (504, 412)], [[(590, 397), (653, 382)], (615, 382)]]
612.png:[[[(497, 416), (539, 413)], (516, 407)], [[(612, 392), (659, 379)], (628, 379)]]
613.png:[[[(534, 409), (584, 407)], (562, 396)], [[(657, 393), (703, 382)], (682, 378)]]
614.png:[[[(549, 409), (597, 405)], (573, 400)], [[(677, 397), (717, 389)], (693, 385)]]
615.png:[[[(541, 419), (593, 415)], (569, 411)], [[(663, 404), (712, 396)], (687, 394)]]
616.png:[[[(539, 414), (586, 412)], (566, 410)], [[(670, 404), (712, 396)], (687, 396)]]
617.png:[[[(534, 413), (579, 413)], (555, 412)], [[(658, 403), (698, 394)], (674, 396)]]
618.png:[[[(529, 417), (574, 411)], (562, 411)], [[(646, 401), (700, 390)], (681, 393)]]
619.png:[[[(562, 412), (612, 412)], (596, 408)], [[(685, 405), (730, 394)], (718, 392)]]
62.png:[[[(593, 432), (635, 430)], (617, 436)], [[(725, 430), (761, 421)], (742, 428)]]
620.png:[[[(576, 406), (630, 403)], (614, 399)], [[(700, 400), (743, 391)], (727, 390)]]
621.png:[[[(536, 409), (579, 405)], (552, 399)], [[(663, 395), (701, 384)], (674, 382)]]
622.png:[[[(501, 414), (545, 417)], (520, 402)], [[(614, 396), (674, 385)], (635, 389)]]
623.png:[[[(487, 424), (521, 423)], (496, 412)], [[(593, 401), (641, 392)], (601, 389)]]
624.png:[[[(469, 427), (502, 425)], (477, 418)], [[(570, 404), (619, 392)], (584, 393)]]
625.png:[[[(474, 424), (516, 423)], (491, 417)], [[(581, 407), (632, 392)], (599, 387)]]
626.png:[[[(498, 436), (550, 429)], (532, 425)], [[(622, 408), (673, 399)], (648, 397)]]
627.png:[[[(521, 430), (573, 423)], (556, 418)], [[(649, 403), (699, 393)], (670, 391)]]
628.png:[[[(536, 425), (586, 421)], (568, 417)], [[(662, 407), (706, 397)], (690, 395)]]
629.png:[[[(565, 422), (614, 418)], (600, 415)], [[(694, 410), (732, 398)], (718, 394)]]
63.png:[[[(602, 427), (649, 427)], (637, 425)], [[(729, 425), (772, 422)], (755, 422)]]
630.png:[[[(546, 440), (603, 433)], (585, 432)], [[(670, 424), (709, 415)], (693, 416)]]
631.png:[[[(552, 434), (608, 431)], (591, 430)], [[(674, 418), (721, 408)], (701, 406)]]
632.png:[[[(510, 451), (561, 443)], (533, 448)], [[(638, 438), (689, 422)], (655, 426)]]
633.png:[[[(494, 460), (545, 455)], (524, 457)], [[(619, 442), (675, 425)], (646, 433)]]
634.png:[[[(525, 456), (578, 456)], (564, 455)], [[(654, 437), (698, 423)], (679, 427)]]
635.png:[[[(536, 456), (589, 451)], (563, 452)], [[(663, 439), (706, 427)], (681, 432)]]
636.png:[[[(479, 452), (520, 452)], (488, 448)], [[(602, 432), (655, 422)], (612, 425)]]
637.png:[[[(448, 449), (493, 446)], (466, 445)], [[(567, 428), (630, 413)], (576, 417)]]
638.png:[[[(452, 443), (499, 441)], (478, 439)], [[(572, 415), (625, 398)], (596, 402)]]
639.png:[[[(493, 437), (538, 426)], (517, 431)], [[(608, 405), (660, 390)], (633, 396)]]
64.png:[[[(600, 434), (650, 431)], (620, 431)], [[(722, 429), (766, 426)], (739, 423)]]
65.png:[[[(602, 437), (645, 434)], (623, 437)], [[(717, 427), (770, 427)], (747, 427)]]
66.png:[[[(592, 436), (643, 434)], (619, 437)], [[(716, 432), (767, 429)], (746, 430)]]
67.png:[[[(598, 434), (648, 430)], (622, 434)], [[(718, 428), (772, 425)], (747, 425)]]
68.png:[[[(597, 431), (642, 430)], (623, 429)], [[(722, 423), (771, 420)], (749, 420)]]
69.png:[[[(593, 435), (641, 433)], (620, 438)], [[(721, 431), (770, 426)], (747, 428)]]
7.png:[[[(600, 448), (649, 447)], (625, 444)], [[(722, 436), (764, 426)], (738, 426)]]
70.png:[[[(595, 438), (647, 435)], (624, 441)], [[(721, 430), (768, 428)], (742, 432)]]
71.png:[[[(597, 436), (644, 430)], (617, 442)], [[(715, 425), (772, 424)], (746, 430)]]
72.png:[[[(598, 435), (644, 436)], (619, 434)], [[(718, 429), (769, 422)], (745, 425)]]
73.png:[[[(593, 438), (643, 437)], (627, 436)], [[(722, 433), (766, 425)], (750, 426)]]
74.png:[[[(600, 430), (644, 435)], (634, 429)], [[(718, 430), (765, 427)], (752, 422)]]
75.png:[[[(600, 432), (644, 433)], (629, 429)], [[(724, 431), (772, 423)], (749, 423)]]
76.png:[[[(587, 430), (647, 430)], (607, 424)], [[(718, 426), (769, 422)], (731, 420)]]
77.png:[[[(587, 435), (645, 432)], (617, 428)], [[(714, 425), (765, 420)], (730, 419)]]
78.png:[[[(593, 425), (647, 426)], (633, 421)], [[(723, 421), (770, 419)], (752, 417)]]
79.png:[[[(590, 431), (641, 430)], (615, 433)], [[(721, 422), (773, 423)], (745, 425)]]
8.png:[[[(580, 456), (622, 454)], (605, 453)], [[(694, 439), (751, 432)], (727, 432)]]
80.png:[[[(597, 431), (640, 430)], (618, 437)], [[(720, 424), (768, 425)], (752, 429)]]
81.png:[[[(600, 434), (647, 433)], (625, 440)], [[(727, 429), (774, 427)], (754, 429)]]
82.png:[[[(593, 432), (645, 429)], (617, 431)], [[(724, 424), (770, 426)], (745, 426)]]
83.png:[[[(594, 432), (644, 431)], (613, 430)], [[(720, 425), (771, 425)], (736, 423)]]
84.png:[[[(589, 431), (636, 431)], (609, 428)], [[(712, 426), (760, 424)], (725, 424)]]
85.png:[[[(594, 434), (639, 434)], (619, 430)], [[(717, 428), (765, 424)], (751, 424)]]
86.png:[[[(598, 437), (649, 434)], (624, 431)], [[(722, 432), (766, 427)], (752, 425)]]
87.png:[[[(598, 438), (641, 433)], (615, 433)], [[(718, 433), (762, 431)], (739, 424)]]
88.png:[[[(598, 440), (645, 438)], (616, 437)], [[(718, 431), (774, 430)], (739, 427)]]
89.png:[[[(590, 437), (639, 438)], (612, 437)], [[(714, 429), (755, 430)], (734, 428)]]
9.png:[[[(612, 427), (661, 427)], (632, 426)], [[(735, 425), (780, 415)], (758, 417)]]
90.png:[[[(596, 435), (639, 434)], (616, 439)], [[(713, 425), (766, 424)], (742, 424)]]
91.png:[[[(594, 430), (637, 429)], (613, 431)], [[(716, 425), (762, 422)], (743, 422)]]
92.png:[[[(596, 431), (638, 429)], (618, 433)], [[(715, 426), (758, 421)], (739, 421)]]
93.png:[[[(592, 431), (640, 427)], (614, 431)], [[(713, 423), (762, 420)], (742, 421)]]
94.png:[[[(589, 431), (636, 428)], (615, 425)], [[(709, 425), (753, 419)], (732, 414)]]
95.png:[[[(590, 431), (643, 429)], (624, 425)], [[(715, 425), (761, 423)], (740, 415)]]
96.png:[[[(586, 430), (642, 431)], (623, 424)], [[(724, 424), (757, 419)], (742, 416)]]
97.png:[[[(582, 438), (635, 435)], (604, 430)], [[(704, 426), (751, 425)], (721, 420)]]
98.png:[[[(594, 431), (640, 433)], (614, 431)], [[(713, 424), (759, 424)], (734, 424)]]
99.png:[[[(590, 429), (634, 428)], (618, 431)], [[(708, 424), (757, 422)], (739, 422)]]
